282409389
337687833
753649869
544030762
832800779
615624223
452572537
393339329
46636031
259548626
113089992
824469665
191668244
624224955
599179181
627016668
256345188
653158614
357148897
735455285
370358954
423749047
119309466
731785930
159652774
140628832
692914639
507658589
641562038
314191933
459909578
349136367
336350588
434294077
807769285
140807426
36877804
778111089
738473152
618705681
263058972
286665382
812516269
137862733
193981449
644486809
437813647
813061631
322204217
423614197
873464761
551439641
876452584
153081228
667576383
994116645
898299971
188902055
904869991
81334326
695350404
123602796
835002098
811549925
521041867
285064255
149404702
448187741
633912831
869626667
704275158
416965954
66732697
22279508
528993484
812780007
453516899
452161834
581851845
211522471
406145351
810684522
701420200
297833682
14430718
325936044
709661354
882840461
789734079
848852856
885891491
155900045
953403459
922992020
642318773
388145887
365265274
480359108
497353497
116225533