973386660
747380492
728359721
244817896
244223844
490271892
990005743
200246614
103703823
187448129
164960445
319652714
504271562
193410306
448510353
220148866
519205089
573869378
287015818
936042837
943280071
341156798
917820496
570908275
721699977
363830167
811494806
944016837
572909893
581779151
418533858
841549326
163427378
611331764
617752868
427537976
494211470
121950308
680970412
664115763
231118449
199028247
347791650
384623590
473975677
580214136
420194997
724019202
101244637
687987978
275073497
922633144
262530335
111164992
598571626
334214512
949244597
614606793
574459887
200281267
447875771
322453996
720875925
876264363
906315331
872531853
701224285
399233863
873107899
460764078
236990225
597397496
973242816
229108234
495218264
597509080
797559296
446871458
153163620
582598652
789813665
154906286
161470334
679019133
970798815
414388280
107680063
588899896
874725329
890329530
690392797
649239454
685646894
513662319
136338655
231226440
853509183
965360015
267261747
253017349
697630275
173183474
611649868
223251427
589592122
410550531
807614549
243741973
276441501
245001019
942880432
724994740
546167524
999680269
304794146
609978813
146143448
598870272
182807244
785320710
670116066
142618023
882587536
904268068
293493137
280810948
248005735
265138270
205608746
828241741
629904637
980621704
406431904
604643098
717807208
904473549
910359087
867022902
169198756
926395020
289110008
484499721
995399541
228671137
344204372
522300748
696046357
186397947
249214386
400775869
297184604
730286841
446456455
249974233
260555907
900842409
658523844
168016082
352439327
329087559
103631096
403335929
634256548
589005097
296208654
641194633
945515534
686243850
700067105
186136436
972595662
743007540
630632142
660990033
273743403
341933105
691131770
723619799
363505223
497010282
276589756
405809094
348038457
195358878
249748293
860006337
342150163
354672372
127699237
304737621
378119470
987037281
674716227
19532710
493595059
437260764
329403971
452043643
789706664
793271654
137990766
493710785
947870896
960372952
539254037
822339835
610697951
769567147
557941573
803706659
939548802
322692425
912975354
189530432
201149410
487546483
540940456
920590228
632443587
286756860
914713122
563981310
863845303
641819842
683324488
469192355
457827371
847009998
115793789
742874105
313856552
254456387
184307819
920919461
969588057
481049125
405186992
110968044
669836681
539486943
927832565
170046177
611247470
317320543
348822782
625132157
621126754
170762334
614732316
527398006
949296251
778918646
667940068
672358042
546805471
229806346
488787460
884115352
227041395
150260239
810479954
810295381
946173226
735451266
558743075
777919740
933592981
259358942
302674194
14974589
637749974
398326464
569898052
616561344
479273915
847066117
239890102
182480457
886589708
260093620
108966314
795300856
959724912
933911093
117440102
915510940
668648475
227424705
194836355
811959506
440163784
560733083
327896557
931877906
523194175
949037114
269695044
236884931
357122298
479531810
635190525
611900042
354341580
649744128
118835932
930412684
243793042
902076204
629207843
488830807
434080290
498664862
909422636
827239929
171074398
359235725
186480809
600855691
260364555
285014050
445096778
822323114
980037053
385376792
870612702
915725238
707577004
552217660
237778487
913071306
358873649
905761100
372962480
264230075
330463367
285684536
154258431
360224991
999998300
676137260
384976900
570608545
225513511
473619494
910680262
895483690
512440747
743180095
416544562
793643588
185664587
653312581
483385834
500225157
607321338
853069500
121535227
353550749
523850845
617474994
626132797
299555621
971210510
106473842
928960214
372235254
457461607
103202721
439997471
943733089
320933859
881154966
954239837
216735823
650270094
654535460
861063020
363712771
291888955
478275718
834500472
369205032
730766999
322363970
488089895
845571595
737216306
122471711
261747051
246673157
817996612
527842964
718903157
714110294
573871360
349930981
326561824
509841913
777549045
789031970
17777488
248343387
687216471
600704022
354903527
145310997
990625361
533285141
199151218
310825395
294024639
616652341
171257470
317556156
123985280
238185416
591982708
397829269
175918188
722603203
138450490
829930998
761816148
110909523
130660933
805594983
576302452
852370031
159738607
909969941
176853629
931656659
633812821
221533047
203087025
515814445
630663417
959554454
948696712
319787036
426489007
405590405
701874658
335376690
408495900
612559917
985271596
458359774
628201228
435783386
288711582
354356296
524974497
594350682
494318262
952685129
450702639
120311320
816579761
706726818
861324945
742810924
924254560
527107616
865694432
353199382
570876415
673333923
272723007
718460076
713092550
645934020
320572656
286580768
945879000
458264586
356270377
100683839
532011146
294550006
547415925
655611646
637357793
884548584
570548832
788372283
495965368
516662654
506622348
184370466
799414089
727949975
488086117
935358358
592845775
412719928
779170795
239139417
388584231
594592201
908042168
701917694
600735993
526585209
124311240
386784881
856194524
811008074
759575057
155459014
503644354
389165022
292280234
646236626
528425864
638159764
899320084
278245771
375035813
635454366
207611577
757398378
223819660
24121506
788877122
244602899
673768668
920521704
522702746
694644030
441478989
919478945
264595993
535766457
708902033
553381139
577869812
733513305
366148833
350456209
983436522
186219285
327763749
812664813
702822760
175364645
837831132
383332953
950458662
365343005
130327354
610660216
634302044
309764851
133762866
119122402
912997115
396358494
213082117
611335414
725727184
597796133
701053814
296789997
915677463
578626267
74333223
399212542
796116995
445611590
123855588
336890940
114693902
199275741
710498322
728063317
873433947
548064220
750165599
114774141
785662536
141121411
776560284
64255332
319825459
980373160
978064607
896474455
846896307
964919559
433425347
368818529
275587395
401055674
200713396
658351249
361081803
122969409
613732832
811696306
480505077
435872187
200416121
666081145
842477007
946383058
114408548
184443103
175598966
603615332
639373560
484965064
577376568
839574418
943349326
967092305
403349428
958658522
768704171
263999104
182877606
749963237
817161733
542450001
516992187
690384272
912743269
551421540
985185554
755511483
933752156
403487981
804168226
73398604
259286824
786006576
405628387
981303261
948354787
837616059
611097175
307073909
770365358
940626674
340689091
975291156
778952804
959821887
660777513
182830813
473445052
473095955
559132378
291589133
210845528
679860513
183861679
127134227
507838221
543608487
886199343
577610419
105069829
781531981
615188565
656839878
830305010
352953336
742559920
338702173
521277214
351049517
320279514
613679631
211857634
526417889
722703692
801990250
781927934
553640115
146344962
143259382
915490803
277865812
155872486
734107918
253013287
707765846
204296853
593984199
786976131
462589500
923746226
587247403
415216375
592021712
446724612
116904538
288779085
421861425
583697296
810466631
340513407
506081931
842218299
539572294
834668191
259195868
258431663
265695621
694732833
901889670
368616555
486384983
209965051
220553014
931779995
471638816
624569803
264482991
298176732
436257945
678416802
552771153
163760056
672234713
346172701
460019708
916462252
172102425
238369382
302261788
203487307
224335439
687413287
815792693
493780716
576987109
285749845
393390653
596446604
500754938
263373312
566053165
129696021
412700474
293352782
854380129
273078000
771570432
220735241
864629579
632933549
523308937
645052907
104009094
904125091
224314912
449709512
571026612
649004742
297715489
961209202
461283823
161600907
755120577
345183523
546058087
316767369
529421569
928581919
436459056
567906791
746517645
127975057
771619510
897996088
442629503
265282598
380038325
385703231
407025242
284099125
661134868
630756191
509139276
550603875
521839647
860044697
730245693
299447888
831645330
429322347
284942175
230624471
137912752
436942980
726390832
425829974
387810749
404419000
616340368
844841414
947215104
201524380
936314927
107044662
464329393
237397247
208469356
273684613
682043778
890257657
502878127
460733241
162393694
349348076
261584716
672558639
887228148
885636519
276636416
119710103
753743878
880813177
230026844
107318047
749150996
691891667
423681418
181295169
979360984
857415194
744413789
187276615
877751477
517552541
711002983
962554895
839746370
743842490
897135434
980649011
205450495
978457612
264690868
844545309
166025293
830288327
605148994
559258077
482746696
871296783
180040144
313099944
28294043
166680601
663246296
454300796
418118098
569089846
621444115
766672981
894635138
832565048
858691951
622020523
248866691
318269253
462065575
950252223
283680785
672847816
354281234
725227788
544262923
802574367
562022335
199624516
795995458
669116204
661978630
410800755
197512656
753195081
620311278
515472500
485000880
660602727
101967926
705160949
920370162
750809927
256971126
209984209
228949791
662636848
619437344
789299058
311496636
435099848
977273286
881508830
429169542
879096478
497537268
241869016
614660740
626616910
288462985
718477354
925431502
745881476
513227739
228826022
727223824
911134604
278341488
566859183
376468927
339951691
213393158
303410570
564560569
405155321
877058415
126366897
593662682
894664163
712937820
321469373
404882473
942687435
372141823
463863022
813538721
204129769
555883708
508079354
461702768
775294701
493164811
996140624
747724820
796517284
109552466
805307067
166751908
728980083
338019668
778656909
552000490
569752033
366154480
697267046
269594878
764481066
726263617
534809782
662034931
516436839
646259274
873371936
899881654
148145769
884511624
875687374
999284277
781787061
341010536
275832256
201160152
566261267
49005773
652446457
664816335
977225049
976740713
629971559
568243744
893449668
826687401
693956921
633288182
408747365
122618117
623107631
813502781
294757509
765760415
688506239
805770017
745946578
286886969
294698117
660431794
299388599
117135788
349749846
612236627
