973386660
747380492
728359721
244817896
244223844
490271892
990005743
200246614
103703823
187448129
164960445
319652714
504271562
193410306
448510353
220148866
519205089
573869378
287015818
936042837
943280071
341156798
917820496
570908275
721699977
363830167
811494806
944016837
572909893
581779151
418533858
841549326
163427378
611331764
617752868
427537976
494211470
121950308
680970412
664115763
231118449
199028247
347791650
384623590
473975677
580214136
420194997
724019202
101244637
687987978
275073497
922633144
262530335
111164992
598571626
334214512
949244597
614606793
574459887
200281267
447875771
322453996
720875925
876264363
906315331
872531853
701224285
399233863
873107899
460764078
236990225
597397496
973242816
229108234
495218264
597509080
797559296
446871458
153163620
582598652
789813665
154906286
161470334
679019133
970798815
414388280
107680063
588899896
874725329
890329530
690392797
649239454
685646894
513662319
136338655
231226440
853509183
965360015
267261747
253017349
697630275
173183474
611649868
223251427
589592122
410550531
807614549
243741973
276441501
245001019
942880432
724994740
546167524
999680269
304794146
609978813
146143448
598870272
182807244
785320710
670116066
142618023
882587536
904268068
293493137
280810948
248005735
265138270
205608746
828241741
629904637
980621704
406431904
604643098
717807208
904473549
910359087
867022902
169198756
926395020
289110008
484499721
995399541
228671137
344204372
522300748
696046357
186397947
249214386
400775869
297184604
730286841
446456455
249974233
260555907
900842409
658523844
168016082
352439327
329087559
103631096
403335929
634256548
589005097
296208654
641194633
945515534
686243850
700067105
186136436
972595662
743007540
630632142
660990033
273743403
341933105
691131770
723619799
363505223
497010282
276589756
405809094
348038457
195358878
249748293
860006337
342150163
354672372
127699237
304737621
378119470
987037281
674716227
19532710
493595059
437260764
329403971
452043643
789706664
793271654
137990766
493710785
947870896
960372952
539254037
822339835
610697951
769567147
557941573
803706659
939548802
322692425
912975354
189530432
201149410
487546483
540940456
920590228
632443587
286756860
914713122
563981310
863845303
641819842
683324488
469192355
457827371
847009998
115793789
742874105
313856552
254456387
184307819
920919461
969588057
481049125
405186992
110968044
669836681
539486943
927832565
170046177
611247470
317320543
348822782
625132157
621126754
170762334
614732316
527398006
949296251
778918646
667940068
672358042
546805471
229806346
488787460
884115352
227041395
150260239
810479954
810295381
946173226
735451266
558743075
777919740
933592981
259358942
302674194
14974589
637749974
398326464
569898052
616561344
479273915
847066117
239890102
182480457
886589708
260093620
108966314
795300856
959724912
933911093
117440102
915510940
668648475
227424705
194836355
811959506
440163784
560733083
327896557
931877906
523194175
949037114
269695044
236884931
357122298
479531810
635190525
611900042
354341580
649744128
118835932
930412684
243793042
902076204
629207843
488830807
434080290
498664862
909422636
827239929
171074398
359235725
186480809
600855691
260364555
285014050
445096778
822323114
980037053
385376792
870612702
915725238
707577004
552217660
237778487
913071306
358873649
905761100
372962480
264230075
330463367
285684536
154258431
360224991
999998300
676137260
384976900
570608545
225513511
473619494
910680262
895483690
512440747
743180095
416544562
793643588
185664587
653312581
483385834
500225157
607321338
853069500
121535227
353550749
523850845
617474994
626132797
299555621
971210510
106473842
928960214
372235254
457461607
103202721
439997471
943733089
320933859
881154966
954239837
216735823
650270094
654535460
861063020
363712771
291888955
478275718
834500472
369205032
730766999
322363970
488089895
845571595
737216306
122471711
261747051
246673157
817996612
527842964
718903157
714110294
573871360
349930981
326561824
509841913
777549045
789031970
17777488
248343387
687216471
600704022
354903527
145310997
990625361
533285141
199151218
310825395
294024639
616652341
171257470
317556156
123985280
238185416
591982708
397829269
175918188
722603203
138450490
829930998
761816148
110909523
130660933
805594983
576302452
852370031
159738607
909969941
176853629
931656659
633812821
221533047
203087025
515814445
630663417
959554454
948696712
319787036
426489007
405590405
701874658
335376690
408495900
612559917
985271596
458359774
628201228
435783386
288711582
354356296
524974497
594350682
494318262
952685129
450702639
120311320
816579761
706726818
861324945
742810924
924254560
527107616
865694432
353199382
570876415
673333923
272723007
718460076
713092550
645934020
320572656
286580768
945879000
458264586
356270377
100683839
532011146
294550006
547415925
655611646
637357793
884548584
570548832
788372283
495965368
516662654
506622348
184370466
799414089
727949975
488086117
935358358
592845775
412719928
779170795
239139417
388584231
594592201
908042168
701917694
600735993
526585209
124311240
386784881
856194524
811008074
759575057
155459014
503644354
389165022
292280234
646236626
528425864
638159764
899320084
278245771
375035813
635454366
207611577
757398378
223819660
24121506
788877122
244602899
673768668
920521704
522702746
694644030
441478989
919478945
264595993
535766457
708902033
553381139
577869812
733513305
366148833
350456209
983436522
186219285
327763749
812664813
702822760
175364645
837831132
383332953
950458662
365343005
130327354
610660216
634302044
309764851
133762866
119122402
912997115
396358494
213082117
611335414
725727184
597796133
701053814
296789997
915677463
578626267
74333223
399212542
796116995
445611590
123855588
336890940
114693902
199275741
710498322
728063317
873433947
548064220
750165599
114774141
785662536
141121411
776560284
64255332
319825459
980373160
978064607
896474455
846896307
964919559
433425347
368818529
275587395
401055674
200713396
658351249
361081803
122969409
613732832
811696306
480505077
435872187
200416121
666081145
842477007
946383058
114408548
184443103
175598966
603615332
639373560
484965064
577376568
839574418
943349326
967092305
403349428
958658522
768704171
263999104
182877606
749963237
817161733
542450001
516992187
690384272
912743269
551421540
985185554
755511483
933752156
403487981
804168226
73398604
259286824
786006576
405628387
981303261
948354787
837616059
611097175
307073909
770365358
940626674
340689091
975291156
778952804
959821887
660777513
182830813
473445052
473095955
559132378
291589133
210845528
679860513
183861679
127134227
507838221
543608487
886199343
577610419
105069829
781531981
615188565
656839878
830305010
352953336
742559920
338702173
521277214
351049517
320279514
613679631
211857634
526417889
722703692
801990250
781927934
553640115
146344962
143259382
915490803
277865812
155872486
734107918
253013287
707765846
204296853
593984199
786976131
462589500
923746226
587247403
415216375
592021712
446724612
116904538
288779085
421861425
583697296
810466631
340513407
506081931
842218299
539572294
834668191
259195868
258431663
265695621
694732833
901889670
368616555
486384983
209965051
220553014
931779995
471638816
624569803
264482991
298176732
436257945
678416802
552771153
163760056
672234713
346172701
460019708
916462252
172102425
238369382
302261788
203487307
224335439
687413287
815792693
493780716
576987109
285749845
393390653
596446604
500754938
263373312
566053165
129696021
412700474
293352782
854380129
273078000
771570432
220735241
864629579
632933549
523308937
645052907
104009094
904125091
224314912
449709512
571026612
649004742
297715489
961209202
461283823
161600907
755120577
345183523
546058087
316767369
529421569
928581919
436459056
567906791
746517645
127975057
771619510
897996088
442629503
265282598
380038325
385703231
407025242
284099125
661134868
630756191
509139276
550603875
521839647
860044697
730245693
299447888
831645330
429322347
284942175
230624471
137912752
436942980
726390832
425829974
387810749
404419000
616340368
844841414
947215104
201524380
936314927
107044662
464329393
237397247
208469356
273684613
682043778
890257657
502878127
460733241
162393694
349348076
261584716
672558639
887228148
885636519
276636416
119710103
753743878
880813177
230026844
107318047
749150996
691891667
423681418
181295169
979360984
857415194
744413789
187276615
877751477
517552541
711002983
962554895
839746370
743842490
897135434
980649011
205450495
978457612
264690868
844545309
166025293
830288327
605148994
559258077
482746696
871296783
180040144
313099944
28294043
166680601
663246296
454300796
418118098
569089846
621444115
766672981
894635138
832565048
858691951
622020523
248866691
318269253
462065575
950252223
283680785
672847816
354281234
725227788
544262923
802574367
562022335
199624516
795995458
669116204
661978630
410800755
197512656
753195081
620311278
515472500
485000880
660602727
101967926
705160949
920370162
750809927
256971126
209984209
228949791
662636848
619437344
789299058
311496636
435099848
977273286
881508830
429169542
879096478
497537268
241869016
614660740
626616910
288462985
718477354
925431502
745881476
513227739
228826022
727223824
911134604
278341488
566859183
376468927
339951691
213393158
303410570
564560569
405155321
877058415
126366897
593662682
894664163
712937820
321469373
404882473
942687435
372141823
463863022
813538721
204129769
555883708
508079354
461702768
775294701
493164811
996140624
747724820
796517284
109552466
805307067
166751908
728980083
338019668
778656909
552000490
569752033
366154480
697267046
269594878
764481066
726263617
534809782
662034931
516436839
646259274
873371936
899881654
148145769
884511624
875687374
999284277
781787061
341010536
275832256
201160152
566261267
49005773
652446457
664816335
977225049
976740713
629971559
568243744
893449668
826687401
693956921
633288182
408747365
122618117
623107631
813502781
294757509
765760415
688506239
805770017
745946578
286886969
294698117
660431794
299388599
117135788
349749846
612236627
814717528
51102511
116216641
167706375
244254051
661890513
430922445
120382187
417774107
821940269
413261272
954791999
118153617
536927347
434243366
735487891
705611299
465507078
250270920
526168441
549543373
722963963
900605327
223794665
852422649
749786963
345851476
523621905
208619247
869141700
137001809
555061400
450288094
973933317
984761897
725185826
122602784
582102737
419455699
342061989
714585473
359147475
637129118
150443536
311966876
439122596
329095779
526584169
539236746
237370103
691193490
996831934
298045923
834315928
962579829
124291872
894348417
604489255
117978607
117540973
995021853
426470506
110053240
329150494
673473484
677559998
593434974
161830898
130536899
502431377
861159072
155174130
603585274
695059690
578576956
350132657
805858447
370153106
636025153
313779049
936434371
714734041
856856392
531443594
248506716
544316075
251713443
838597830
209288886
458649333
193906200
997492962
398401501
411769741
880735110
255343824
216121508
201818282
292533291
129748973
666418237
961383508
143601838
916593907
783000857
985892214
632115084
121079458
542035683
935173871
113058892
256807572
120307709
996474940
398857035
958616535
297980777
114061904
715101652
137733693
351530341
316643809
964053526
187173085
69292800
491539921
501826479
881414075
257067443
692837650
481808435
403081150
844372964
430052749
446090989
638336030
203475390
770052217
586622414
962492011
424932231
916201977
136265560
530440511
768188199
651443836
50964000
630584479
747309837
475735385
786930441
443477863
331732198
882053590
581833110
785555843
801434695
980280376
171781806
596916474
883679987
613845948
635390898
254296119
114139433
398218122
656830862
889417618
456811967
978660112
773016440
973659132
473580965
522391020
834261227
630564343
428962962
117308696
471533121
809975063
660574119
190179899
468939379
393807967
749794450
994839957
277054921
216112185
700356103
841663572
370826813
975953439
42384767
729419819
751837137
913425291
186471242
610816402
662142515
246501819
535858310
187066689
462814533
353973890
481175673
973900261
807369476
254007232
522930033
961625706
105454667
243148830
471582787
752200514
493954993
302319551
298328377
101425020
104692685
137616614
440063084
239796386
969953786
181205058
875855404
234778817
272653315
846892139
809931701
246051026
443006689
836871538
497498728
499680816
292517084
538563793
744554613
585362553
805838512
916990184
972967093
159212797
689152275
513862399
882051139
924329756
644024229
577176298
218263191
982957093
351162073
872734908
689786606
872453210
765803971
809397801
297171325
552545942
337715999
247181262
254169434
732475271
415432953
392410286
834318760
777542940
251974913
898840200
698063847
754845980
668316323
380750353
408092740
802784449
858660697
372919968
330643199
881240530
886785542
896099124
795207880
440361792
711236447
130792542
375178973
498950584
937943196
376514166
714378360
402227518
875811090
116257040
180013211
229017817
664230631
513863452
393611149
234322616
524253406
306506816
938382638
103274689
520090726
865266326
525598650
106451643
877838134
660229859
285498699
65794096
448960554
590714897
531780131
928222143
140730495
328398019
218926049
693247162
619219601
207831242
266577524
485176979
807722230
196568790
947604216
161659458
523517878
637470737
298859687
207982992
558902830
818399233
168082689
190351267
694892778
838803755
186589923
115984635
306489052
328265814
121186143
624264766
907810009
220959786
442552460
828687876
425610195
482445797
291535970
663626298
712270739
179500597
507684390
410813777
936643524
877406497
241191989
770622611
88096453
101248307
488887945
974452921
708012968
178665998
848663632
675893908
870656004
682391243
890823271
307064989
727477347
314659458
193497696
865720207
327008989
104146192
748189294
785468669
242947210
942237809
860727824
779865130
581713962
116514025
780029532
633008788
631234263
927132397
527561438
508062897
856902758
483880214
191312590
568935135
782006472
311039461
869214554
830226457
423253784
809537504
692927934
494624483
206828833
592827850
593881071
800752360
244793968
103802994
184285594
685855645
403061424
227622645
909814905
139423387
703155952
512079023
446921857
582682218
900408184
169157400
377151346
489077106
495154583
934384740
563175158
306717660
106117535
727422843
542340235
604189839
882910733
641666843
611010369
416673275
355004829
465796239
311369151
234759641
251658987
419075303
924198407
259471600
244748461
791252412
514818179
282965267
513130983
174214643
346974959
679754027
268869883
929354252
265835424
806702299
864456170
657820450
435101474
240826270
917801325
497314220
193673551
882010193
518631192
799430953
461528415
173693786
142842319
737359637
109500696
189518483
702663197
787881488
206320237
965456688
914447211
760462226
341400110
300080964
851097478
292814789
292088631
442419478
437214448
235969453
767382160
415444427
799219870
340244425
431930879
720724439
779516481
845517402
968697029
605215810
254838805
473558341
957417748
237064274
896609629
190933743
985859271
475113209
324495822
696308249
159570166
657869604
333555003
218941124
267556753
113023567
331824398
929695779
857110718
820734038
780991679
570426553
955208998
561857754
565504525
819338349
114177236
383995689
981130963
450351117
749087859
894195681
937701941
616560492
964966997
968676379
532777662
533622194
724461213
270329684
237318637
443964544
144932873
544085965
19618662
664669404
528028826
522165195
410511958
528357002
641537914
767265158
432011049
906590106
342910569
741891618
566174458
915951930
166133749
895516338
898542340
816353475
863401926
384835395
676525098
225055800
813522291
254128235
807199637
841982666
906031263
673244423
562888632
950329339
511821804
431724031
696171521
974454664
546850065
862300008
622922414
100702176
679573801
360241729
369614704
512601249
574251815
602800730
471312029
476136048
277044665
441482511
412879333
824374745
134746289
393402641
282252099
759655861
644051133
795818701
328023828
314870448
137663748
989421764
752238916
134516855
895885562
358700773
537377516
896076078
135955742
680265396
164321834
107035493
857248836
202552161
569370977
253931141
560325419
954066427
821031829
200661858
631080444
896069951
258151854
449001123
577710013
143725378
336091814
861069069
507865627
126438055
999899993
154267720
215358487
509033678
687399598
965721311
375757091
938039756
173778885
455505332
132795225
650543973
633508519
435277064
175698720
300379239
441918353
953523580
422483626
843482617
783186185
777134706
889610183
960105187
651845180
751970672
100582128
149866874
363877435
179439056
974775006
921013991
364624188
849126951
394892024
221163272
118239189
283512512
577271729
115519621
538562847
132879130
230116834
787866660
836959138
392233198
762994012
974222003
710513339
644891324
708712048
182816768
970464396
111623564
434014890
546429127
889065095
929083029
576234579
867305542
413581534
175542613
263247063
854974965
260326681
264341690
448604137
254994067
744698538
660247506
457343852
997959593
653896913
211069342
878382553
382643617
669001095
209137605
459257741
675682481
515418906
404742138
324626426
976956642
505563315
935849389
207583423
581690566
410074265
934102946
423888935
834687828
866760529
789751552
511233171
661834404
376021267
652736028
146739101
213194463
948058470
975484300
243077893
469013532
505924640
645091861
376134696
978143864
365132050
398582833
958865728
477696537
725022191
367140122
690364014
650674695
747223624
926244721
414039222
113800732
191767882
376840488
548339110
880829268
575866357
435463137
135374339
352024017
852962134
525024239
424275882
777088449
285973045
271565369
915919800
201149035
982061211
509267404
130524725
368277153
238504594
724271590
118065156
522886932
266254493
839934559
179792651
734686906
710525295
443628928
857639539
230607657
500703220
921086051
646651537
112890291
722722562
875190690
705267016
167221779
164501487
238006329
429071007
783807732
722712289
202870600
565046132
640237090
603357611
610110558
944048204
100719873
977764363
999460911
101937522
705020705
517766823
779777178
250155107
791529979
493566240
263389322
497347829
887049566
745068449
273603764
932939522
299654193
971812436
210573954
146888884
293963658
923263782
20291879
174521036
876224258
344683670
787430302
631082348
183346335
905117320
737245912
538131949
487598011
634192984
801423802
489651549
405334358
800140229
897410279
950092071
343918565
375972901
245089877
163204537
289959607
452074564
111640393
435760115
522676262
547426783
626234606
299896784
681067477
195927044
269259905
440720519
821240227
339436982
869108796
225988624
558583578
597862008
214933578
689704929
119197430
570450762
932669720
242852179
615357276
495248231
978955486
786603828
423352195
285911021
684131787
545222921
452061799
503712416
807974230
797230637
462408284
663627923
746797772
890134907
385737143
818372583
963629503
714682287
171210122
284017531
832846624
172930124
442267504
17768610
954556009
143066468
112476855
291591798
908176762
937003691
845647367
401473444
470512121
919140484
315322927
367211603
920451730
802513911
558434478
463482013
958354937
429983629
309323389
213773946
515296726
279430071
581542695
712463086
421508242
155352993
852200482
454795289
584068484
645317754
599036487
309508101
884274916
999401454
170568594
519223138
374874891
625865661
415033499
477381734
682321270
464617033
131941512
788156164
659217378
838528931
244023900
779699172
824559951
468030832
678921073
509962936
394996574
107521570
889868402
293076901
529063237
207655512
574769418
763615186
415578082
796508780
464178710
248939283
702835342
610768153
656432304
922269730
257322154
159242254
840675230
159992372
858312342
202419254
925603745
300877018
177907317
909568233
555140768
946146258
280911530
345028508
688458670
790303774
569788646
798992151
185974791
538350581
996379749
130269586
669888372
338882214
613252623
459952185
102019882
315177532
100250637
796430732
269826928
336677588
898851379
987497270
812241141
751067959
862297128
544124532
700828452
604641754
591150607
123965024
620632981
615201553
906974015
542696711
760163611
778119143
180083725
831187083
703667896
848336620
243531534
809261590
538446810
835498050
638483860
366380628
396914171
530713392
125994112
405345870
664529589
487040845
481464045
890653952
799860893
338524449
619857726
805770209
970592966
883270205
888269542
172563103
304534050
294615215
203854385
572382559
818157844
238180286
350456761
705379244
329429590
357203008
749712820
214827711
537119516
808595071
796154136
431799803
791111179
546138378
848808017
387564644
498915026
482059928
415584375
280247668
384251344
116021624
321762560
604381528
521556066
420593827
156681625
279930761
188803589
449077898
177582442
871149220
497561250
942595134
817290352
131852717
899932141
891128416
340823213
982655461
197753501
383249785
774792101
119623651
370151491
609943162
340347658
734382782
227661656
343767146
406700964
392703512
235926744
133862137
513555967
880205735
207750738
946468068
231794564
299377088
800340335
206961690
413688252
455433378
863560182
168977413
283057462
527149034
576975715
961013210
284017311
953075509
231903805
53310814
347960405
637368791
171923545
574718511
148555217
668210930
231792326
230931071
413220586
733298250
796566479
561694824
503180980
807492863
534356933
773862981
984707496
749615122
739996187
301819310
971268590
182627711
720957998
817314202
525723236
359244673
837607053
537029113
736203225
640443659
821831502
404928317
819808839
266461228
687828074
256927679
171341538
817223087
828025591
785183477
602534543
875055495
250710728
223521763
488259639
970395540
336961064
103622098
462301605
778548661
296585844
628525832
484590441
251851729
336822877
906704008
123929251
283545669
787134849
632411078
315266442
167591056
441104033
318458299
799124046
125219248
607905384
144340619
150345029
369517399
687387212
251583522
956278241
187043221
703629455
876378431
687623152
407544458
695084968
902752127
155421017
828909623
808820203
858737571
691176069
117734574
719019527
205445349
985114439
166437268
740901310
535962172
107016925
201366267
751038777
872133395
657329488
966559485
924600667
453133688
890669045
129392472
707577884
829576707
395462943
830846058
950465759
625732651
714198011
545994324
531166354
861777089
620928531
520822981
308980072
170235108
279478991
429570531
844838313
721042755
743578864
165527690
196408435
851717809
296536708
114996437
939875034
863734745
929128805
584740870
627040890
209230811
191785735
457843372
436991725
768728080
964665490
80757134
943235904
346155903
384870471
983033187
649529919
785650697
625322399
897303913
893126912
253450831
998067709
541198518
869431165
546086163
588701896
747262890
907028143
210221742
857278670
508659326
394013013
637414441
707395037
547436859
498014367
272154814
189684569
737763114
793124821
443685021
971632938
637802761
213990800
347305922
952631255
914042700
962341247
917625796
882154690
679576234
812912283
833730052
275099884
274605928
421890805
568396027
412219174
806619726
577665556
449934585
277569531
326668904
691217609
654785833
142402436
774477721
873545342
549266165
313619837
152376797
763506780
733653831
104471093
826557135
870017943
313501536
362864426
303906929
187977695
102604405
942833612
899276446
784859364
576273085
122457828
613974620
144622983
794532368
421050967
986090053
583135106
531289261
587359608
970092401
885993188
919609800
529045890
493883958
775820044
128394476
362570506
151827575
818054319
949453168
143548354
786120502
995913386
994107169
251385886
61781688
111453367
327466381
244054449
811694689
618640504
181113639
276520090
283590859
626462152
523671956
764188515
715590735
714125302
122798458
177456892
385105376
254832467
801891940
884138047
573237108
106354739
374085861
494283607
828073540
629153922
595347829
351289970
522827769
772589395
658183028
999630397
258925311
126763698
409937313
110916290
119219660
820203812
744240935
499449806
272951497
359602249
248557578
727942169
105202881
889354794
718263241
371726795
716788998
239720151
456087832
533795804
278018997
368536348
166514253
929598745
511404649
632860793
217419476
262632948
339442381
683849312
912890724
977365216
266647355
142017870
940567373
285126825
441184119
231430158
570883316
477436408
797321144
408914913
400636215
562381439
783225745
317292451
530118870
276728346
923217644
730701451
838475101
458822533
913494738
900894238
547996244
888035343
205064395
203972073
619914480
424766372
113896863
823634497
906098915
620070622
916032485
575159749
986087855
955928854
663700709
102731871
238390719
603347418
627067683
387130013
111778134
366747604
762295724
464421667
878746537
774937502
396350821
255645223
475910785
817709102
365967532
969608097
561228212
461867573
324354898
593159730
461492489
140659579
561779887
960702724
257311855
517275158
979738245
458079964
591544932
425701431
817768812
608459641
641095975
390036404
950371984
386429420
607291012
689039651
985144339
506239318
525640642
911259154
793212264
407177508
470993450
856348880
168623119
550255720
531365843
910495911
