125994112
405345870
664529589
487040845
481464045
890653952
799860893
338524449
619857726
805770209
970592966
883270205
888269542
172563103
304534050
294615215
203854385
572382559
818157844
238180286
350456761
705379244
329429590
357203008
749712820
214827711
537119516
808595071
796154136
431799803
791111179
546138378
848808017
387564644
498915026
482059928
415584375
280247668
384251344
116021624
321762560
604381528
521556066
420593827
156681625
279930761
188803589
449077898
177582442
871149220
497561250
942595134
817290352
131852717
899932141
891128416
340823213
982655461
197753501
383249785
774792101
119623651
370151491
609943162
340347658
734382782
227661656
343767146
406700964
392703512
235926744
133862137
513555967
880205735
207750738
946468068
231794564
299377088
800340335
206961690
413688252
455433378
863560182
168977413
283057462
527149034
576975715
961013210
284017311
953075509
231903805
53310814
347960405
637368791
171923545
574718511
148555217
668210930
231792326
230931071
413220586
733298250
796566479
561694824
503180980
807492863
534356933
773862981
984707496
749615122
739996187
301819310
971268590
182627711
720957998
817314202
525723236
359244673
837607053
537029113
736203225
640443659
821831502
404928317
819808839
266461228
687828074
256927679
171341538
817223087
828025591
785183477
602534543
875055495
250710728
223521763
488259639
970395540
336961064
103622098
462301605
778548661
296585844
628525832
484590441
251851729
336822877
906704008
123929251
283545669
787134849
632411078
315266442
167591056
441104033
318458299
799124046
125219248
607905384
144340619
150345029
369517399
687387212
251583522
956278241
187043221
703629455
876378431
687623152
407544458
695084968
902752127
155421017
828909623
808820203
858737571
691176069
117734574
719019527
205445349
985114439
166437268
740901310
535962172
107016925
201366267
751038777
872133395
657329488
966559485
924600667
453133688
890669045
129392472
707577884
829576707
395462943
830846058
950465759
625732651
714198011
545994324
531166354
861777089
620928531
520822981
308980072
170235108
279478991
429570531
844838313
721042755
743578864
165527690
196408435
851717809
296536708
114996437
939875034
863734745
929128805
584740870
627040890
209230811
191785735
457843372
436991725
768728080
964665490
80757134
943235904
346155903
384870471
983033187
649529919
785650697
625322399
897303913
893126912
253450831
998067709
541198518
869431165
546086163
588701896
747262890
907028143
210221742
857278670
508659326
394013013
637414441
707395037
547436859
498014367
272154814
189684569
737763114
793124821
443685021
971632938
637802761
213990800
347305922
952631255
914042700
962341247
917625796
882154690
679576234
812912283
833730052
275099884
274605928
421890805
568396027
412219174
806619726
577665556
449934585
277569531
326668904
691217609
654785833
142402436
774477721
873545342
549266165
313619837
152376797
763506780
733653831
104471093
826557135
870017943
313501536
362864426
303906929
187977695
102604405
942833612
899276446
784859364
576273085
122457828
613974620
144622983
794532368
421050967
986090053
583135106
531289261
587359608
970092401
885993188
919609800
529045890
493883958
775820044
128394476
362570506
151827575
818054319
949453168
143548354
786120502
995913386
994107169
251385886
61781688
111453367
327466381
244054449
811694689
618640504
181113639
276520090
283590859
626462152
523671956
764188515
715590735
714125302
122798458
177456892
385105376
254832467
801891940
884138047
573237108
106354739
374085861
494283607
828073540
629153922
595347829
351289970
522827769
772589395
658183028
999630397
258925311
126763698
409937313
110916290
119219660
820203812
744240935
499449806
272951497
359602249
248557578
727942169
105202881
889354794
718263241
371726795
716788998
239720151
456087832
533795804
278018997
368536348
166514253
929598745
511404649
632860793
217419476
262632948
339442381
683849312
912890724
977365216
266647355
142017870
940567373
285126825
441184119
231430158
570883316
477436408
797321144
408914913
400636215
562381439
783225745
317292451
530118870
276728346
923217644
730701451
838475101
458822533
913494738
900894238
547996244
888035343
205064395
203972073
619914480
424766372
113896863
823634497
906098915
620070622
916032485
575159749
986087855
955928854
663700709
102731871
238390719
603347418
627067683
387130013
111778134
366747604
762295724
464421667
878746537
774937502
396350821
255645223
475910785
817709102
365967532
969608097
561228212
461867573
324354898
593159730
461492489
140659579
561779887
960702724
257311855
517275158
979738245
458079964
591544932
425701431
817768812
608459641
641095975
390036404
950371984
386429420
607291012
689039651
985144339
506239318
525640642
911259154
793212264
407177508
470993450
856348880
168623119
550255720
531365843
910495911
468876278
309838945
268941380
670259503
811118872
590791459
190359571
871980376
683674195
279901178
524347318
860306815
325712607
283703339
227264884
479446235
448574890
421314948
524748747
986850300
106456991
916842967
794834442
782744000
772427490
571327535
796285300
560963455
124064706
255829636
938584557
616627907
292742752
469172400
301431874
463626860
697030906
247338955
516826905
644187051
825707192
990316525
958826510
480560359
325767451
542453002
329310915
816878061
716170382
184163452
829670483
507363258
502088337
19456115
279545976
206077924
655653316
396069733
520635268
422350201
514023169
941085885
704879923
861838085
130514319
620056730
991669187
174596409
308375566
483195972
266802574
980232322
240015374
917110932
926883298
686835406
929178527
897830175
496491384
144208665
517685011
515692607
961845791
49972196
230194807
377850411
369143366
833038902
280745506
328899320
572605720
767678692
217713513
115990100
562866378
305640742
896902158
618147880
395515957
628561704
712565116
537276484
337124208
587801652
283614450
585848004
168981957
229990101
646975481
845133819
365648804
882220147
153502140
931499199
884345452
926258525
933549687
736256284
941603311
567650505
611499913
180709562
769566065
516076236
379465907
450570166
375665027
241648026
501331934
563104290
788010466
196161012
930768916
934095328
363713283
235093159
316128358
152533045
336278189
898670511
222351907
410999769
213054450
300118986
527023473
105210514
539763898
708368708
224923421
909261919
139820240
681266609
125203856
544791523
176210434
500908859
116399258
618882016
324293002
206184395
51994273
537802254
140913930
718893481
441157535
316654850
581088777
324036260
560452270
475647792
636919518
423151030
981114621
726035978
313829603
459388251
252820101
188641514
637750680
515397609
127010821
649337111
604589228
306859514
196592068
697885671
941379638
254979512
162350393
985488776
822722700
671417498
582031799
294680168
130258052
400438084
114974794
232337127
449377532
910893164
275197875
260119084
647247949
225632236
351669326
866452725
992294232
454337139
208430436
736652881
550411151
451997767
370302651
763070866
689985577
706950640
685840529
546597857
543383764
827183939
363331780
912672312
907545156
190819879
280504879
876256631
772018958
219094678
243907750
992422004
260147951
852123650
782472971
780393396
819797555
561561079
905706103
803886405
722128029
325442661
297638099
441663213
747555308
407854987
392259820
184419861
997314721
556039701
896417862
475676485
443919771
328594814
432410628
628278052
608116692
465387175
828040396
771493690
557323791
950025891
646383950
524064643
210437212
630871604
725455993
323188557
954025584
727094232
641434793
846885196
210957266
673368792
601245896
585492649
681696670
868692295
790680910
226746930
987565066
777329608
539133415
655315163
657479815
346024916
819792541
211618561
172711951
533019452
205003289
377078674
167150233
40741528
580042335
347138234
733689592
636999554
543291311
183079322
907254771
375329380
825788811
450304047
318211281
880996201
768997638
312025138
162029187
331034104
386062382
470551316
133782654
920447389
315462632
267984219
538710964
509494986
166947949
815403044
696215158
996580795
193425716
966180184
709085824
165226885
894218025
760153493
985820668
834182220
180997613
842009079
385546434
95392008
862516872
235871295
596252423
594107585
581316876
130814258
193584341
334891805
382950291
439051363
996987485
285335295
748493183
974934398
169303411
716742101
480135676
742471775
918889306
979753896
785869972
592847558
486832192
500276766
625641230
149730849
877800598
823575471
343214894
183769637
816783507
781865318
320109503
229645760
594822631
993964509
517318356
382479516
787856083
842917961
669850525
512138444
135482925
246984862
174363754
376409809
904759757
750902647
728089465
537821946
607104257
808892581
926531747
752364546
478440903
365752186
705832272
608813858
374871030
864563941
542974001
838905093
272429873
896745949
688474083
841559396
114607672
597638136
704696489
722869454
217382007
800352928
924173999
671662782
994300199
301037162
579203023
988433995
803959015
882132836
529954737
478355216
855524876
815265249
839242325
131657934
644878824
712539969
698856764
641134628
633664835
112026074
932484501
462091623
336706767
992521516
629906618
844379369
673516811
865812521
219735233
289180265
180427057
695081716
913865455
370411271
129855051
378318023
123024109
488397212
247863464
471797860
334007845
411050442
999436206
614752659
372922482
196682165
966321797
853593367
62524509
183945385
114528607
448478318
177250965
537446728
165014878
100386252
201823391
390011165
633030856
455552677
604980458
694368123
719888030
675607979
424040383
808376663
331119072
156398481
696981126
949728741
404419902
600305492
999569048
829835470
641245104
807616503
396622409
395269296
373975903
962683207
240476881
952484828
227175047
653679804
826957127
704769391
702121731
914772298
735360297
521220994
173047362
425255273
235664311
730612427
366031900
429416799
616707200
975200163
987315815
825243898
559753002
933244069
198590908
177252885
461669189
919397884
921772890
227226334
524461690
667191928
395276004
181939441
801471206
273565572
912593051
732757143
525766408
600373950
187677625
267802083
749062946
129238081
221128762
595012056
976115214
978759359
367381424
140886850
559346483
221363610
256498040
377243557
471730975
724878539
375501622
265622539
188908208
443142883
467609400
415054161
992175391
269522861
253854274
411043595
797289411
694127123
592561018
709673122
816218476
667304474
420798810
775059722
487817210
601059180
153796979
541533578
949424997
450199021
563257917
488449337
621617399
701673610
306547893
546763225
995580579
968705780
301654373
652304048
334943417
563824543
607071195
843179916
304241994
243383525
472694611
798653421
481440103
271766068
560465330
271706503
812527393
820255369
354092044
170472192
306658892
628831057
491749528
838564787
793532399
724912048
403481852
725943377
969649119
718697216
115757129
403817125
452782699
971962053
533679555
831861127
335781493
229718825
305142858
846006494
562844910
995338746
659520659
449554973
596751238
261330337
960213313
752133095
811221628
948027564
481751946
230234668
735288497
337332603
831281072
902576949
112882097
940039262
995651224
561228566
987994105
889508372
932100753
908755396
557442104
817016451
589979992
457916693
728012169
470026782
474728265
534806454
886206156
742368487
482860585
134166592
791439560
195003953
963380678
553802095
324074559
753639393
745174843
758335450
827595751
407500931
853917549
640857520
412533755
691071281
103714437
131843063
53212617
105503937
461314540
988354965
857186809
452329703
111181915
849573757
266212386
317614030
166633485
292329219
810814001
828214179
237757755
288209880
188897923
906031258
936077701
224260354
614313523
496789185
568185696
354863054
158806771
264418050
155484673
620981051
939961593
857051462
431397965
771681447
937916754
209873095
286145663
845714142
367248357
871622927
912331455
812805417
866991090
108573534
443993095
617877428
971448111
624109072
616600151
175188039
991547771
174693631
743112536
630732751
756000927
588916778
138859433
980030639
53670019
526671432
819910143
218808890
879601557
789920870
433526320
824899494
499213875
294224471
438538686
913217294
919657990
863277389
513172597
124052616
380947571
420515063
576765381
997363990
996284865
410765924
53818371
813482711
558693595
673356418
885675100
692472488
122578096
174746162
947145758
736049185
140926925
641018085
849987410
128618295
660615340
593290729
129582681
745659448
581928250
569450919
664947587
372745591
556112522
240139850
496124113
576887810
754823818
379692087
587557165
340071138
470314981
251441110
146939964
213203289
602993758
600743984
309293276
331885157
475018071
647324531
269040189
921540402
494434917
794466221
747115540
813834815
185563762
993868074
117455228
930754729
136512513
585828154
827564889
456227089
631172202
271789893
243998496
386810818
293602207
599595548
108442844
641858204
718577876
605307273
166295208
708247212
579346500
460457473
947397611
369229449
975338514
180822706
730136784
936529343
172951615
155168632
785525873
828907331
259955194
32018275
509033017
493286175
536288596
177369887
135378058
996832637
344328247
715420075
257128044
352226533
676465398
297105692
315122930
113300830
983112655
374984735
174876402
281564407
902866799
451507747
315070878
708549662
334136715
440033282
665658350
898672598
599406269
829285772
726794491
577996838
703327579
917666337
975166595
282666473
738509027
790610955
521112814
806038644
624216820
869022571
607105992
500128869
563571338
331515698
144741249
48435371
507869146
788574348
251933561
853771615
713212507
672406068
588385350
161082292
748328046
695550177
575119714
507584421
120438498
220288776
591373550
838792033
196590046
786349363
248287374
605084336
619332106
201663804
576909082
335436638
392795981
992249243
722665718
371320901
538815634
746219432
856444091
119846834
758015892
970708436
672601776
501933875
683193946
303000512
222371545
477029617
184326379
892465657
574502020
656797351
146398910
126663067
941538528
678940772
152831503
513395068
705036689
290409055
248562778
425910541
283574053
902851408
893449804
288611006
229038507
830106261
298906697
886608903
238197036
879435653
752420552
171929442
260451389
506061592
339258526
676294435
345219527
877408081
738126624
149480800
880574319
576925853
110425605
530544806
872968732
817499955
776976949
707083317
176043517
360702827
733545697
653043336
810622910
531879471
455727995
906253798
889268128
317248701
379407873
794774294
913429228
700782167
398375792
226720078
535499343
259403966
732663197
114182114
811482955
672677627
432815008
635649427
364974949
238211028
457679454
950352322
609813843
500864747
906353594
747969207
607453163
582203764
518056254
728135237
857667413
593436900
231779341
114852299
167159788
641383564
638142852
391870902
745491800
591727735
691324648
312810963
214183468
646096812
552826116
805311590
110719849
363980574
146043269
480921054
608808695
121595910
142362163
903213239
914696264
195471065
223036075
388946347
707038305
575211742
359568817
290768615
245560363
904668629
521951968
740520992
226403084
604555894
838211133
527055017
284636530
205181022
513556054
259473591
681889074
605830774
639659206
676931489
861854035
299013545
887522607
575767653
672836294
881379019
262076562
905287029
721682935
106987122
323755946
221166789
956653022
598072989
187096086
583679457
878865185
107415353
832299408
737071064
748488998
641194479
942288861
794920963
757381410
667617232
376982563
381272295
193547090
122651663
167542416
317139456
823948496
488351074
345646552
928298540
330355948
485281686
432517545
164159576
586778582
99785849
193185532
403582606
557198528
226173546
148731319
453224817
617381541
685561649
631905542
607429428
966805267
278198120
949264049
380385835
644788188
116925217
195405587
476123871
825889367
394908929
455808246
775638226
686180473
105314125
955543408
830308372
795420653
307689072
900996335
319815820
988209009
447030967
180443040
342590941
849172648
623062195
562030666
946343388
580764912
821668091
144906766
235209895
575711182
839879935
852803452
362491565
254467607
325479271
248945204
258026645
835413019
275917627
151515976
223559089
890488145
642572089
310117070
991303239
435642657
557053412
51376684
90116985
554881239
556224509
616612238
864107435
810508464
357190532
621716541
150721730
932971816
801654415
501926296
630730530
405705725
622177819
276781039
579374141
850450631
859284839
606370091
848437608
749418008
971794897
551380692
773572556
165381424
617408923
578276867
404432254
829714216
572589586
622435323
291844569
184494885
409257755
191463189
563355358
253271976
696725898
467926160
374363561
997523051
517646806
312549150
406293800
435085307
320659840
778187751
877452939
243591630
485162068
913657375
545039031
921918349
374922242
891152993
489222790
558662494
967650029
447257383
946452787
238642057
210329671
667633767
879354866
777881238
417400458
853889293
435170173
589219722
910423151
651639236
202715567
587062695
197773381
161120450
427101174
395695152
303728495
634906288
983344453
174506224
863078574
822812920
776081960
209076598
254757658
659302792
687122754
728221654
335862928
647106041
132274122
652917250
860672674
887204084
708026566
245790021
901251579
167232922
949404289
715151609
464256895
324203516
808050145
394561033
814638095
117862696
881529106
358486281
532741958
272482379
880698257
488528937
629330913
708356040
224440646
917334165
487434518
198671622
818264309
958657114
561737936
387439546
415140122
980952840
287341682
515487397
886365488
596513850
796666515
958955790
871304740
989430709
327021941
525278951
915696151
262543469
226458847
637285915
946875899
217503823
863027030
325079020
681913882
242433197
453867496
276941707
511209438
327980090
957227188
740841428
523582409
737037302
543604944
741878743
811382229
504709374
684702184
790312927
212233918
134207688
890750774
797341408
316579330
739451973
685893293
182819091
683399890
143042252
508358046
267997708
234642704
299321613
108250809
558606299
755796688
651501196
326466985
347833439
839176305
454819073
976064934
578041011
646799055
397446327
565672629
602372018
110764845
146505706
940461276
297012935
184619592
716718406
558308200
369571664
597755987
341875383
404814180
312707291
477457401
808371977
525626818
819462376
344631811
590258897
435250906
626545181
345940755
259319536
460141861
573066273
45692081
518032727
990518984
761818841
396767934
685581588
381744474
640579310
623876421
109412223
240035384
499287679
783706268
829785816
450918216
540573429
931006945
459675818
267531392
242008747
201239133
404591088
186921688
136490126
325778436
970213657
913516359
852978667
224114912
261734681
893828281
637728456
633397722
223669886
296838958
280270134
185501741
156399184
290574889
673720071
805038013
905021266
528091329
662062083
821122814
980454742
901064492
81486929
781610041
442972661
647570221
657132416
693578878
796567832
783808777
952169001
267302542
629017681
673091213
516102471
569148651
112989693
272976512
474875457
250818879
195243058
589653080
399433779
403761284
758196005
636143708
637656527
222155638
958219712
255030435
144195530
858913927
750766834
651604673
398793455
536177022
554859472
515551208
688764738
264921199
194257533
336293153
672511934
765344048
295277669
463145124
167192424
598329309
864345326
844079232
574809028
968958915
134300689
252815408
703995490
346345507
309674898
268596003
335529872
260575178
758852263
279383591
713336778
749873279
647448187
215476990
949679175
835698846
758492219
748094945
357825532
566219945
150293999
209113572
592907283
953201343
185988114
648463115
865109660
817264954
254698342
654224273
698822542
983738901
939757819
807912734
971293410
102727728
303390568
116355273
913725016
934558364
597404452
471816290
679389663
725345265
870300281
536976962
253708812
985744321
426345222
692464921
132568686
406275515
888092767
987969277
487181779
418566111
845290170
719918009
874479994
296041073
753651207
486016203
638440280
177928286
327672605
629234034
190779534
797315943
650583205
111707096
351383733
689884543
782600882
512089961
761776995
432386556
206487661
341680140
473050782
617772140
193808837
910660324
327362991
901675701
131270026
710037744
123675602
544744086
356603468
211763059
792468275
253975833
876709271
198348691
531700794
849231730
525959082
749184933
421113179
153802625
277367910
340679941
615685677
192363091
439036370
757361129
788679665
990732568
248371707
489824495
380501555
40787678
149612253
192149474
288748177
217438135
340640304
752120998
863096314
699116165
560519080
544600267
273871038
354974442
774622377
738225981
981500551
842630916
379217304
617696263
410674571
396607362
293106823
347570575
360827970
754977461
771581720
900176580
605962260
355287625
457032972
188081227
596281318
384453927
139129277
758839857
391567716
246163006
806939425
834166568
532402318
649933607
951368489
506169672
667058653
189854223
400243044
985176362
170266640
834726676
287525836
121427006
299693291
551636952
353200350
573727995
317570848
755593856
577112627
431064146
631291729
775878336
547108999
284470272
450440429
947735458
880272879
296739672
436378955
935494060
993648665
282082906
192781220
535295974
845975335
454673795
530430469
261598417
578565447
516746597
787533163
129837864
456147785
651301874
775846775
745878325
179685890
276742211
753633983
879206929
415325751
952476869
498160394
712704488
138825634
641983588
576343449
793540321
335044337
753320051
214247968
135153481
802193934
694083378
860580733
131611253
123652106
488158271
971371188
895049785
973524120
203447946
197203467
898385030
591707803
885774916
416669609
993337638
715154183
439474975
845408754
951165590
560125121
134899822
672161061
438387219
987744254
475498458
411638993
484931573
285434952
337586771
472015673
891193292
745890153
960203371
512449690
916047696
206585817
726841249
472993672
785356424
489677732
950027851
674728684
828757883
276289483
264974810
702632203
825591470
541825103
797336328
539548804
118720724
729333806
638441630
189221029
419406225
232885319
667531219
387422684
733119924
110310565
923926114
890539655
865060146
275387090
139452479
337287862
214514892
817172098
499738427
116070663
718115198
987432145
294413255
726063840
713893457
246469513
194128415
834107380
646553932
290670371
54301991
550776938
760778943
270481916
683063010
373763073
265586806
976987085
789789831
309974373
728894067
985738731
615035560
494238572
274160853
711907331
683667154
613378604
978385717
830423357
917692894
577319812
734252521
531211705
876822112
498753992
797640382
754318838
434068646
271787114
146605512
963485767
425350668
116817293
463165445
692766984
561475634
289261183
592502841
848468429
755280012
190197489
612914555
636284649
958072624
667661079
125761199
250024353
165906829
940364296
136351919
625819791
839518232
380412575
127344584
545175770
575894927
35170233
509568955
480387265
726829394
713837924
115656225
544724761
969045402
539582945
923788543
148931795
478858795
193907389
796260954
582029794
160646760
643032740
306325145
408460094
163463146
111899596
998216099
114263123
634085738
563055253
229089946
348794896
23746089
552536521
102669305
441740094
669167552
865995213
368631976
391858280
772069592
345905203
288415662
276637220
484668609
105696338
514851131
884993473
734462412
571568853
519689708
357251500
684827402
224040596
883282590
780151810
189745155
619868085
924045434
949644790
204056900
880298085
591232924
21167917
486526729
658424205
979842660
259123770
896051451
740261398
702426752
853251068
155455706
791290791
115427512
392206334
963975208
583135978
540965690
389569546
483100212
770801768
477122026
814453043
230186211
663742602
687967952
242122055
954785792
964616376
462826651
199630348
935809681
181678786
174620136
460994412
901990655
555999902
456636664
441956897
800863315
984044960
458025864
422004693
784246967
447063268
573996177
994343476
691600305
233441253
696075078
331829299
499543475
860125692
171165071
522463092
954428069
674022855
279035744
652554590
54457054
131826927
596186578
50385725
234459031
991102188
934593143
893136280
179846041
164994258
842823593
382705352
955879297
486610183
150565518
811030139
237479668
684815326
876272066
397675267
634483457
934295240
222881473
755214554
542941712
241131814
191904552
752147610
459723276
930393559
199209907
974696940
561554249
477845281
846671486
790014788
673746364
120357128
814443080
957642526
951242800
506053531
419857972
368210829
933199833
928778537
691943203
881984770
148131440
544003139
487312492
337166875
849936770
323374802
283616341
852727356
255744138
831533011
986656907
784456575
917298821
447801306
613164672
522183377
636819892
388576063
604086840
180014909
519785223
588398056
861617433
448871265
115179997
902120859
846201536
770104332
450049739
520992392
919468555
580487471
116643776
428083979
904655110
477240768
763945239
969900640
828601385
541110885
841114675
639421987
534054137
658580056
921121748
918961801
387862987
649701203
245538491
548620017
395000957
543131186
848581752
345929383
312921399
736072562
965535795
874955179
952003830
675467496
666738544
880573741
179620288
208783018
92626557
131011918
753941913
808184391
991690075
564597156
785903258
418418866
372508972
691849322
194720835
352380726
845070630
441531442
318769722
238614855
284309913
643069285
408398775
230724934
301765727
859878052
196359318
289170502
540024238
197238122
455691204
188178833
636664860
286690221
342583078
673947195
358161129
939472794
744581489
646282256
332166737
973664147
819650032
611385352
918110217
107961322
555572019
136129196
532644730
857833308
530742356
127223137
724096953
192245346
242208811
187269889
824294730
737129277
711193404
483732527
759219086
863857605
646755055
335727594
617855856
825322672
585982915
457612657
699114190
547271189
412106024
609327509
510490113
887788405
639957059
298761004
456218838
323384397
128127562
111817249
614756001
918411809
725500202
662332787
652416719
842768734
967073493
968969827
938996618
182695887
177592634
527279519
777457311
614355596
292403639
803582171
986724696
667663732
593560556
960034324
888555825
561998489
105004632
704792825
194774505
912611700
853681872
261018500
268977395
759716280
278807983
174975889
187895258
436854601
694604109
228766772
447797723
515266119
114700905
674713927
396146542
249415975
948244445
103069284
934314644
662690839
656587805
422473293
487797882
617195459
915428589
153198974
893180462
730256395
402194707
222610190
688360390
943473255
314106805
494809402
873101377
837337020
607772413
747900824
742598092
927702828
427334304
562790773
826624597
696399858
968225001
503447027
814469393
130635465
462588495
956468634
726711233
917513178
976076324
81808529
723256431
860839688
299966441
685131768
468146696
681921522
923613100
772547673
312139760
438497833
597922160
996268997
101831673
457810619
785868746
872557924
621636880
681065375
198786798
550755462
828255289
659991375
655239148
381875186
587129663
798426795
667629943
584371962
806692822
871975641
743377380
753698584
151722416
618805926
81838901
644524074
184375284
286793637
761536742
819402562
793797686
918639875
410988798
995002285
587589085
983628957
699052730
919442773
989720568
920376979
359225230
984915067
198088093
696892961
611759815
951515567
657286648
595012943
795297735
620612316
133049012
767319065
585814830
211106281
797312469
736515654
144443652
574427009
590741582
978024285
876857130
370819995
509095358
907690858
298455896
104079055
117092292
456733142
366848253
529627401
795309758
462152443
409655253
298076641
977168926
414460696
360976786
959076086
993683072
804155429
872782679
353938598
937439234
322793775
937922172
767678588
470893907
438190654
455065235
134873239
707863959
656521743
447869005
253462045
378242517
455803284
521011246
295539364
986945698
793078992
693581225
730039550
506114781
640619125
114025792
861496230
239945780
762625461
487980937
416535969
241317035
720689436
356007952
97781963
298195635
165409199
255084835
958413715
344973047
673044670
284505766
504344901
732608278
106021765
605630172
925853807
767448523
545145181
176759676
627596386
252912947
173623037
893093073
165730025
393903774
481746612
955759792
980934462
912307587
536931104
712510298
502066184
227150942
272848683
141433393
100620428
482233212
230301372
596314004
533293552
703228692
985752988
705893193
778584266
154652316
724566342
213379396
805301812
142029959
641283998
856611603
622491247
677445919
252316865
951910727
831450126
135826333
806200708
246880576
780750008
875131498
371430429
478852772
47964315
287148762
588343913
137111661
468079499
833326470
100692996
354425718
634718426
275843529
596274351
939833132
451387464
165939743
826237785
314445693
117489845
665063863
653733485
258894640
668021070
938654298
594726819
417795864
131462677
904249377
637831291
197841480
237099914
210967880
332057204
801069562
852031284
564411166
541412655
609204591
780158497
870462768
884997460
478224485
440527929
678239047
822507975
518393949
203538554
309660341
604754595
447758318
260742839
625624096
713533763
662434310
349711409
447356575
302739375
178525767
913671815
543367135
813216242
476234619
503791955
846562970
654014162
866242956
525484367
622244451
811265248
250828689
275202403
579959708
831420645
929109149
550456012
493805191
695279584
634120150
491264926
879565818
685014755
319236288
188317842
761317491
274124356
247443072
657683379
591252233
569748838
315143324
499712925
672438111
945453545
370920689
246926664
676424183
337129531
290667752
463807016
442735967
548582781
131562324
512327652
639962950
477852288
470706971
833186274
178059539
703343646
438035406
626894418
237205727
390454275
889497247
245337633
113608899
434866866
707205895
853452969
923954196
276703176
371195646
794068548
251090059
290848187
499433798
312904138
225001182
639366339
467956772
804516260
124004392
636579088
608817921
733432799
604085159
24621259
312405215
886965390
884116962
160773472
362186214
573932187
291697894
919835473
233391421
859910983
167445990
458902102
995557231
578201112
353049831
325620882
881221121
881074526
723851622
129625104
500442831
236772286
662745977
647718148
324412986
205580574
