973386660
747380492
728359721
244817896
244223844
490271892
990005743
200246614
103703823
187448129
164960445
319652714
504271562
193410306
448510353
220148866
519205089
573869378
287015818
936042837
943280071
341156798
917820496
570908275
721699977
363830167
811494806
944016837
572909893
581779151
418533858
841549326
163427378
611331764
617752868
427537976
494211470
121950308
680970412
664115763
231118449
199028247
347791650
384623590
473975677
580214136
420194997
724019202
101244637
687987978
