973386660
747380492
728359721
244817896
244223844
490271892
990005743
200246614
103703823
187448129
164960445
319652714
504271562
193410306
448510353
220148866
519205089
573869378
287015818
936042837
943280071
341156798
917820496
570908275
721699977
363830167
811494806
944016837
572909893
581779151
418533858
841549326
163427378
611331764
617752868
427537976
494211470
121950308
680970412
664115763
231118449
199028247
347791650
384623590
473975677
580214136
420194997
724019202
101244637
687987978
275073497
922633144
262530335
111164992
598571626
334214512
949244597
614606793
574459887
200281267
447875771
322453996
720875925
876264363
906315331
872531853
701224285
399233863
873107899
460764078
236990225
597397496
973242816
229108234
495218264
597509080
797559296
446871458
153163620
582598652
789813665
154906286
161470334
679019133
970798815
414388280
107680063
588899896
874725329
890329530
690392797
649239454
685646894
513662319
136338655
231226440
853509183
965360015
267261747
253017349
697630275
173183474
611649868
223251427
589592122
410550531
807614549
243741973
276441501
245001019
942880432
724994740
546167524
999680269
304794146
609978813
146143448
598870272
182807244
785320710
670116066
142618023
882587536
904268068
293493137
280810948
248005735
265138270
205608746
828241741
629904637
980621704
406431904
604643098
717807208
904473549
910359087
867022902
169198756
926395020
289110008
484499721
995399541
228671137
344204372
522300748
696046357
186397947
249214386
400775869
297184604
730286841
446456455
249974233
260555907
900842409
658523844
168016082
352439327
329087559
103631096
403335929
634256548
589005097
296208654
641194633
945515534
686243850
700067105
186136436
972595662
743007540
630632142
660990033
273743403
341933105
691131770
723619799
363505223
497010282
276589756
405809094
348038457
195358878
249748293
860006337
342150163
354672372
127699237
304737621
378119470
987037281
674716227
19532710
493595059
437260764
329403971
452043643
789706664
793271654
137990766
493710785
947870896
960372952
539254037
822339835
610697951
769567147
557941573
803706659
939548802
322692425
912975354
189530432
201149410
487546483
540940456
920590228
632443587
286756860
914713122
563981310
863845303
641819842
683324488
469192355
457827371
847009998
115793789
742874105
313856552
254456387
184307819
920919461
969588057
481049125
405186992
110968044
669836681
539486943
927832565
170046177
611247470
317320543
348822782
625132157
621126754
170762334
614732316
527398006
949296251
778918646
667940068
672358042
546805471
229806346
488787460
884115352
227041395
150260239
810479954
810295381
946173226
735451266
558743075
777919740
933592981
259358942
302674194
14974589
637749974
398326464
569898052
616561344
479273915
847066117
239890102
182480457
886589708
260093620
108966314
795300856
959724912
933911093
117440102
915510940
668648475
227424705
194836355
811959506
440163784
560733083
327896557
931877906
523194175
949037114
269695044
236884931
357122298
479531810
635190525
611900042
354341580
649744128
118835932
930412684
243793042
902076204
629207843
488830807
434080290
498664862
909422636
827239929
171074398
359235725
186480809
600855691
260364555
285014050
445096778
822323114
980037053
385376792
870612702
915725238
707577004
552217660
237778487
913071306
358873649
905761100
372962480
264230075
330463367
285684536
154258431
360224991
999998300
676137260
384976900
570608545
225513511
473619494
910680262
895483690
512440747
743180095
416544562
793643588
185664587
653312581
483385834
500225157
607321338
853069500
121535227
353550749
523850845
617474994
626132797
299555621
971210510
106473842
928960214
372235254
457461607
103202721
439997471
943733089
320933859
881154966
954239837
216735823
650270094
654535460
861063020
363712771
291888955
478275718
834500472
369205032
730766999
322363970
488089895
845571595
737216306
122471711
261747051
246673157
817996612
527842964
718903157
714110294
573871360
349930981
326561824
509841913
777549045
789031970
17777488
248343387
687216471
600704022
354903527
145310997
990625361
533285141
199151218
310825395
294024639
616652341
171257470
317556156
123985280
238185416
591982708
397829269
175918188
722603203
138450490
829930998
761816148
110909523
130660933
805594983
576302452
852370031
159738607
909969941
176853629
931656659
633812821
221533047
203087025
515814445
630663417
959554454
948696712
319787036
426489007
405590405
701874658
335376690
408495900
612559917
985271596
458359774
628201228
435783386
288711582
354356296
524974497
594350682
494318262
952685129
450702639
120311320
816579761
706726818
861324945
742810924
924254560
527107616
865694432
353199382
570876415
673333923
272723007
718460076
713092550
645934020
320572656
286580768
945879000
458264586
356270377
100683839
532011146
294550006
547415925
655611646
637357793
884548584
570548832
788372283
495965368
516662654
506622348
184370466
799414089
727949975
488086117
935358358
592845775
412719928
779170795
239139417
388584231
594592201
