749184933
421113179
153802625
277367910
340679941
615685677
192363091
439036370
757361129
788679665
990732568
248371707
489824495
380501555
40787678
149612253
192149474
288748177
217438135
340640304
752120998
863096314
699116165
560519080
544600267
273871038
354974442
774622377
738225981
981500551
842630916
379217304
617696263
410674571
396607362
293106823
347570575
360827970
754977461
771581720
900176580
605962260
355287625
457032972
188081227
596281318
384453927
139129277
758839857
391567716
246163006
806939425
834166568
532402318
649933607
951368489
506169672
667058653
189854223
400243044
985176362
170266640
834726676
287525836
121427006
299693291
551636952
353200350
573727995
317570848
755593856
577112627
431064146
631291729
775878336
547108999
284470272
450440429
947735458
880272879
296739672
436378955
935494060
993648665
282082906
192781220
535295974
845975335
454673795
530430469
261598417
578565447
516746597
787533163
129837864
456147785
651301874
775846775
745878325
179685890
276742211
753633983
879206929
415325751
952476869
498160394
712704488
138825634
641983588
576343449
793540321
335044337
753320051
214247968
135153481
802193934
694083378
860580733
131611253
123652106
488158271
971371188
895049785
973524120
203447946
197203467
898385030
591707803
885774916
416669609
993337638
715154183
439474975
845408754
951165590
560125121
134899822
672161061
438387219
987744254
475498458
411638993
484931573
285434952
337586771
472015673
891193292
745890153
960203371
512449690
916047696
206585817
726841249
472993672
785356424
489677732
950027851
674728684
828757883
276289483
264974810
702632203
825591470
541825103
797336328
539548804
118720724
729333806
638441630
189221029
419406225
232885319
667531219
387422684
733119924
110310565
923926114
890539655
865060146
275387090
139452479
337287862
214514892
817172098
499738427
116070663
718115198
987432145
294413255
726063840
713893457
246469513
194128415
834107380
646553932
290670371
54301991
550776938
760778943
270481916
683063010
373763073
265586806
976987085
789789831
309974373
728894067
985738731
615035560
494238572
274160853
711907331
683667154
613378604
978385717
830423357
917692894
577319812
734252521
531211705
876822112
498753992
797640382
754318838
434068646
271787114
146605512
963485767
425350668
116817293
463165445
692766984
561475634
289261183
592502841
848468429
755280012
190197489
612914555
636284649
958072624
667661079
125761199
250024353
165906829
940364296
136351919
625819791
839518232
380412575
127344584
545175770
575894927
35170233
509568955
480387265
726829394
713837924
115656225
544724761
969045402
539582945
923788543
148931795
478858795
193907389
796260954
582029794
160646760
643032740
306325145
408460094
163463146
111899596
998216099
114263123
634085738
563055253
229089946
348794896
23746089
552536521
102669305
441740094
669167552
865995213
368631976
391858280
772069592
345905203
288415662
276637220
484668609
105696338
514851131
884993473
734462412
571568853
519689708
357251500
684827402
224040596
883282590
780151810
189745155
619868085
924045434
949644790
204056900
880298085
591232924
21167917
486526729
658424205
979842660
259123770
896051451
740261398
702426752
853251068
155455706
791290791
115427512
392206334
963975208
583135978
540965690
389569546
483100212
770801768
477122026
814453043
230186211
663742602
687967952
242122055
954785792
964616376
462826651
199630348
935809681
181678786
174620136
460994412
901990655
555999902
456636664
441956897
800863315
984044960
458025864
422004693
784246967
447063268
573996177
994343476
691600305
233441253
696075078
331829299
499543475
860125692
171165071
522463092
954428069
674022855
279035744
652554590
54457054
131826927
596186578
50385725
234459031
991102188
934593143
893136280
179846041
164994258
842823593
382705352
955879297
486610183
150565518
811030139
237479668
684815326
876272066
397675267
634483457
934295240
222881473
755214554
542941712
241131814
191904552
752147610
459723276
930393559
199209907
974696940
561554249
477845281
846671486
790014788
673746364
120357128
814443080
957642526
951242800
506053531
419857972
368210829
933199833
928778537
691943203
881984770
148131440
544003139
487312492
337166875
849936770
323374802
283616341
852727356
255744138
831533011
986656907
784456575
917298821
447801306
613164672
522183377
636819892
388576063
604086840
180014909
519785223
588398056
861617433
448871265
115179997
902120859
846201536
770104332
450049739
520992392
919468555
580487471
116643776
428083979
904655110
477240768
763945239
969900640
828601385
541110885
841114675
639421987
534054137
658580056
921121748
918961801
387862987
649701203
245538491
548620017
395000957
543131186
848581752
345929383
312921399
736072562
965535795
874955179
952003830
675467496
666738544
880573741
179620288
208783018
92626557
131011918
753941913
808184391
991690075
564597156
785903258
418418866
372508972
691849322
194720835
352380726
845070630
441531442
318769722
238614855
284309913
643069285
408398775
230724934
301765727
859878052
196359318
289170502
540024238
197238122
455691204
188178833
636664860
286690221
342583078
673947195
358161129
939472794
744581489
646282256
332166737
973664147
819650032
611385352
918110217
107961322
555572019
136129196
532644730
857833308
530742356
127223137
724096953
192245346
242208811
187269889
824294730
737129277
711193404
483732527
759219086
863857605
646755055
335727594
617855856
825322672
585982915
457612657
699114190
547271189
412106024
609327509
510490113
887788405
639957059
298761004
456218838
323384397
128127562
111817249
614756001
918411809
725500202
662332787
652416719
842768734
967073493
968969827
938996618
182695887
177592634
527279519
777457311
614355596
292403639
803582171
986724696
667663732
593560556
960034324
888555825
561998489
105004632
704792825
194774505
912611700
853681872
261018500
268977395
759716280
278807983
174975889
187895258
436854601
694604109
228766772
447797723
515266119
114700905
674713927
396146542
249415975
948244445
103069284
934314644
662690839
656587805
422473293
487797882
617195459
915428589
153198974
893180462
730256395
402194707
222610190
688360390
943473255
314106805
494809402
873101377
837337020
607772413
747900824
742598092
927702828
427334304
562790773
826624597
696399858
968225001
503447027
814469393
130635465
462588495
956468634
726711233
917513178
976076324
81808529
723256431
860839688
299966441
685131768
468146696
681921522
923613100
772547673
312139760
438497833
597922160
996268997
101831673
457810619
785868746
872557924
621636880
681065375
198786798
550755462
828255289
659991375
655239148
381875186
587129663
798426795
667629943
584371962
806692822
871975641
743377380
753698584
151722416
618805926
81838901
644524074
184375284
286793637
761536742
819402562
793797686
918639875
410988798
995002285
587589085
983628957
699052730
919442773
989720568
920376979
359225230
984915067
198088093
696892961
611759815
951515567
657286648
595012943
795297735
620612316
133049012
767319065
585814830
211106281
797312469
736515654
144443652
574427009
590741582
978024285
876857130
370819995
509095358
907690858
298455896
104079055
117092292
456733142
366848253
529627401
795309758
462152443
409655253
298076641
977168926
414460696
360976786
959076086
993683072
804155429
872782679
353938598
937439234
322793775
937922172
767678588
470893907
438190654
455065235
134873239
707863959
656521743
447869005
253462045
378242517
455803284
521011246
295539364
986945698
793078992
693581225
730039550
506114781
640619125
114025792
861496230
239945780
762625461
487980937
416535969
241317035
720689436
356007952
97781963
298195635
165409199
255084835
958413715
344973047
673044670
284505766
504344901
732608278
106021765
605630172
925853807
767448523
545145181
176759676
627596386
252912947
173623037
893093073
165730025
393903774
481746612
955759792
980934462
912307587
536931104
712510298
502066184
227150942
272848683
141433393
100620428
482233212
230301372
596314004
533293552
703228692
985752988
705893193
778584266
154652316
724566342
213379396
805301812
142029959
641283998
856611603
622491247
677445919
252316865
951910727
831450126
135826333
806200708
246880576
780750008
875131498
371430429
478852772
47964315
287148762
588343913
137111661
468079499
833326470
100692996
354425718
634718426
275843529
596274351
939833132
451387464
165939743
826237785
314445693
117489845
665063863
653733485
258894640
668021070
938654298
594726819
417795864
131462677
904249377
637831291
197841480
237099914
210967880
332057204
801069562
852031284
564411166
541412655
609204591
780158497
870462768
884997460
478224485
440527929
678239047
822507975
518393949
203538554
309660341
604754595
447758318
260742839
625624096
713533763
662434310
349711409
447356575
302739375
178525767
913671815
543367135
813216242
476234619
503791955
846562970
654014162
866242956
525484367
622244451
811265248
250828689
275202403
579959708
831420645
929109149
550456012
493805191
695279584
634120150
491264926
879565818
685014755
319236288
188317842
761317491
274124356
247443072
657683379
591252233
569748838
315143324
499712925
672438111
945453545
370920689
246926664
676424183
337129531
290667752
463807016
442735967
548582781
131562324
512327652
639962950
477852288
470706971
833186274
178059539
703343646
438035406
626894418
237205727
390454275
889497247
245337633
113608899
434866866
707205895
853452969
923954196
276703176
371195646
794068548
251090059
290848187
499433798
312904138
225001182
639366339
467956772
804516260
124004392
636579088
608817921
733432799
604085159
24621259
312405215
886965390
884116962
160773472
362186214
573932187
291697894
919835473
233391421
859910983
167445990
458902102
995557231
578201112
353049831
325620882
881221121
881074526
723851622
129625104
500442831
236772286
662745977
647718148
324412986
205580574
900685806
282902721
947217681
136112040
240565507
473134390
775986984
420269662
514756034
868956625
989893457
634603645
956528324
456202702
627699931
592298036
225854625
144402590
606209191
256717962
574760521
470352214
819749248
135094868
121794819
408771382
545334571
844647520
311786259
592264552
839448048
653702226
116579357
293145604
828104448
720087357
850304437
966653864
529367872
337851765
978771836
495319734
594792660
649171929
874041420
419481980
709334635
920966735
283629864
244339403
934610853
567110722
325340419
346130084
743268774
155601235
472880820
703506875
217886395
863524124
429060315
972793187
578793401
738185051
541188349
550316900
904646098
282359983
218970199
851608292
519778294
325629528
665963665
323333549
240265016
855450564
598964925
520022061
749651378
621194419
598014717
475190182
492765079
543267162
858971080
429705524
443987556
927863361
807085613
116609607
244159579
787054232
410301666
269683570
445821166
930623261
902036547
332003147
273950604
374395591
801433514
690093518
932364353
281530358
784360412
278756255
557123524
135420825
166376739
517478284
706002505
568190309
836482239
326848795
509013262
833177015
230639677
306009967
674643697
838036324
828123700
191818045
172297612
593986955
921514802
754157660
952424889
506937353
635187057
223314955
270434189
616393513
935446927
448519383
101718108
625053242
224082991
803973097
659391846
644522160
567145010
774082009
291456232
634148167
645969238
232277217
151374231
590387621
446096764
804849795
367919849
674541553
438924074
966958609
745638956
828779121
261533020
710943684
759845141
219490480
100051621
179466887
451169654
886650533
157532800
517701812
397183601
316629726
274441170
838661842
354150703
330299873
107048926
350318516
601750915
783362500
501077244
418884494
885740548
653500646
305712761
960674328
194352228
180520224
424814541
349010949
252614310
138843106
336360180
422766571
574780167
822921452
348887489
423160463
866073809
105755755
340702239
482816389
523431578
774485284
244709123
320443031
340168514
604728905
234599278
508295268
94827868
466079244
666315397
941080646
587972859
606352957
684714122
173986634
815150405
699508254
933243204
395702472
176029723
246036359
115834371
707659809
747698084
156068456
926661712
230438065
708634427
578498157
506487518
917132778
813449911
843066564
364786609
935534238
498299100
603607683
199042587
658911924
832541596
719095374
732680623
748415005
413447903
458567646
384146965
445127557
57548016
374721884
928718827
252286721
848055839
410452883
411555533
523441510
379706522
719329473
281404073
236060638
522252062
270441248
865736521
196492470
767453194
899111895
400279926
294581377
493741379
985482656
115157428
981900980
306481858
657436643
811434506
775167993
944159433
548512675
493207639
783880047
518325095
122158161
708844802
952121809
237044757
490767671
567244775
732874520
470583234
709869308
100076698
135033049
169877135
442513060
124764768
341586960
867156544
990141467
665973461
822265806
452678976
796086971
343389428
674301006
940142831
983835433
80915755
110950359
278689111
272054879
877738593
681046151
663828462
545690786
219552948
454188688
304753915
487627355
887628955
910170156
647038636
643618891
520119974
153624878
583524794
745007159
856719477
736809157
826278272
141993682
245246148
180120236
742459293
472796986
179216393
928603611
723696758
505856130
801697695
419974390
795082461
766576222
902786861
214745135
604460116
582965014
897297026
501786781
800341772
800408691
270136581
987126999
513181354
580652828
350473754
897822340
903549344
997947092
405272398
333333592
671577516
946742742
569618731
694648320
323806607
725823710
386637282
770837018
157506063
513479128
257559971
189050998
760981113
424537308
190241086
520140760
217224349
318769846
822713179
399448555
811345605
196593274
141081680
365129464
215128599
537403437
403338322
643173213
439990663
134122838
577869351
220887680
791677291
660588533
268027267
999364793
187037374
327657288
412447711
645951741
602601775
568662183
235689860
135730673
980211090
388658197
107988518
219416953
441833129
427968740
813878975
284708173
283490160
255785655
832980286
860874197
650148882
806818712
116865985
219031862
142568477
124357018
879405098
515538147
282603664
601627498
911532621
629683759
418710181
317095773
192656005
179267263
413409019
382227887
708352888
529197235
328845783
794135940
726224493
557996116
809604692
452128802
279906066
240076675
598915868
701585936
663844652
116003847
388300749
753970056
676317154
390458532
116841908
800803635
698098696
708602866
897071309
236547539
131007109
230266536
583093802
743283575
890503658
371117121
221245319
730337769
935017433
697383641
664316608
481163217
328335265
646343242
797185301
362851832
283311630
531871396
983660209
238306843
175798350
740250652
878599761
810612201
284872023
613989932
481021645
347988961
105943758
102955521
656182635
847647181
891909860
797528243
330517327
369554204
400586898
268055748
516377360
596761923
471599399
182253722
173594001
624316982
222918375
784202620
756663423
862317033
70644961
876488039
987737104
838783758
484104928
678618692
414863085
738608429
119716463
213654392
295305379
160583771
801738978
614804768
787229344
447206516
335739624
252712277
889952775
95826286
872344124
309618537
347316075
251295049
458324332
902460134
909770449
359095050
212869724
823562700
106064581
895364002
500005235
258370651
823513532
710574829
316551540
423201773
442171699
119445150
132513944
710929460
705305359
743093929
113012966
878046649
989624611
227094817
450605049
565020502
761431815
427769851
638552667
61537904
149019690
933341945
235074037
860529842
917537828
297230553
908291076
409395789
259219637
507094531
864625568
878330667
679994268
324177787
817033736
587257557
349845357
328550988
808055137
451696871
227007677
951215791
835752168
378454625
510724921
938431489
825898852
511658258
872406661
498436188
789702657
609875312
701121566
672292308
173675632
304811790
438335505
267282792
763192826
991115919
994383221
334507234
693315555
438035771
828564230
146711622
920645816
896310482
638350499
208630222
751764661
626197623
447913375
567858141
152799049
238470350
684425026
916146673
252914136
586435951
282335183
873356540
613334330
766579713
832266937
147899139
953866815
211920695
274874924
627638201
152835738
959338077
925329378
326538199
167841058
424053752
485329599
877710249
619367593
963763927
332144186
344279258
558349028
804697488
788132880
296893817
453946472
937517257
608572409
329105828
347670406
779145562
898181715
718626666
654168361
276141069
443450633
313609847
733415934
703704730
544878231
457948003
664270746
406827645
353209326
754505908
372787321
918115324
96371649
561892109
841314780
317826297
103005262
589008385
473060102
910545974
145808090
634469388
662300790
405418316
176735149
798788134
254244538
474865959
964133206
906420419
435738614
424922601
399982553
610211063
716955506
541360309
642247181
762199718
180592384
558796604
945993210
841286829
696437966
948940698
875717611
305752218
296280610
422180351
302438176
539049174
863451182
721450955
53741447
145160723
505803178
234576771
223886749
870264364
106906216
701771327
521239683
603498110
943636856
518099897
541022295
751526131
593361254
253050253
629785242
871134467
851864961
343745878
230153203
692925002
863060698
365539411
393379890
898895540
499186772
424028587
873780990
745885905
659638054
925774874
492336030
111423382
759820776
791744345
670814416
626383097
222836999
473696375
227014454
880312242
417652356
158502754
230488336
482313143
364689693
843886413
827174571
773110343
721051275
771652689
547754753
874979573
702410258
255842899
314321048
221911629
383647781
492400930
995262988
656893561
838852916
901513595
832716569
550481591
221296811
930704287
221824984
438396966
582415599
195950332
905218472
270188684
482971081
964142222
736593002
979447235
881565095
567122384
292191918
464958723
184506986
125356854
289381767
927130598
230649141
256383064
552094954
404607399
656068603
564111476
786434619
980340509
725657940
265224420
306713734
268860099
884373134
777528869
430277636
631259357
749037019
924168987
572116706
886996932
790212235
658031677
534576233
713479757
901039245
754404782
264168340
123155887
302431033
802596243
284044457
332024772
492480422
115778787
472802854
303610001
444130334
199083719
441188670
780453662
774504928
816223019
387048479
864053149
645889530
435654411
704937439
735134733
819648190
647900867
971667327
702353999
880176505
222148697
597171170
918247239
363223672
604003586
770304426
796643607
963067385
603406478
841975029
316418853
873020944
858952439
847668349
745711107
229838638
535026004
647909068
848685758
384952987
742717378
278099931
893050992
818380225
681548722
793558958
764896087
237283861
423541526
806979539
845785868
510581400
816995836
553673823
998127682
617711840
110228059
246893140
383933759
101641135
244568081
933889321
796295144
487853050
299453039
984883927
545928354
367391342
294791915
864523574
293705144
129773722
470986480
857135799
489679157
243366480
893475343
535132271
621013964
478715908
552065411
694618281
498299093
486575941
656961800
735606371
949230118
909228572
198636044
604087651
95070511
437248749
150732587
848426426
771426790
417733413
745814943
434340876
491528826
335437848
970790249
976236271
407634954
963227193
183032049
804429768
669124665
385221516
863095809
595168879
258273728
816669411
952549176
582595702
987080971
111625672
121533808
938430124
588417099
369016816
276964378
646933163
761887218
144034355
291589523
577947886
838528641
984382306
661306532
388022800
969176328
469393971
452996754
764738746
968837742
999073423
852458165
632973083
482447740
511019050
214645185
639856422
784684426
383503443
543522355
741323464
754715933
22415667
858024594
82432203
846672890
371451390
736721607
529156766
508023627
963955229
466576771
455399669
740377448
411201399
661750991
978314366
500330657
866657912
868654012
607774375
590249735
803652743
316231240
230332301
735342960
657884191
840343221
790930569
464714884
897767028
809720972
286571499
633585833
712834071
843063912
415562621
314987871
401321921
122837619
468631937
463912768
785724209
467569165
382420505
690195131
161408827
191220115
549243667
132555720
932450228
522936103
229804742
334787764
80536097
921082986
168146844
248942807
967218714
261547468
917232170
395715089
543629821
214227692
351849208
678692478
780242923
765042108
331282476
593427365
292141878
431439926
153907851
942647739
683253151
231657909
444313810
187354316
288372351
231583344
224306423
139099334
259284170
117052118
965665750
941181892
808155724
317289234
555461138
443585659
835378208
311717179
775461011
863570629
352881014
102892015
488680796
711724797
444395033
627565996
680333569
403100521
414682873
410831159
250896558
737068850
178377831
858162063
262719051
458303666
356081791
325799103
812696192
286495144
284140526
543882042
689378414
945795238
961864221
562519438
693940829
426925613
850034364
897982062
844331341
104536120
969052951
317348620
838754285
129375479
823558886
918496079
758892774
347130464
884535752
468887841
216717957
163128686
772200649
507467649
365954140
783176936
331133087
53904964
209711012
773164436
809699119
955291398
985988365
688085205
406247821
662554693
809912986
635299281
289061249
350510434
956846938
122340567
559655965
558987652
645677908
464037024
421710213
683556440
409151003
704649914
52798126
928937597
298566543
598411109
485938579
971058726
304550586
268935694
852673800
437494793
781292509
433701953
843658962
748850538
531820668
225353203
179593049
920031516
115437577
559861390
562437057
527228717
460617727
573829071
245515536
302043817
837078465
563225682
818512238
244380341
681443282
383649163
571806335
511334707
276882377
901173824
713530931
484083378
607576394
868472205
758976370
639222712
969190797
641128703
928289458
357849659
758248647
535534470
137246698
987819261
914465021
913131914
428428620
715767037
864912330
592496281
608219912
734013721
551284704
794760401
322265957
667534669
201570904
773098974
742191705
297254343
191950339
311269884
212916621
584198349
535568337
513333610
414991643
429732382
878253167
155802802
724430727
504683329
428225072
131698572
998261190
945009064
397484521
500029260
470388927
934348575
290606628
762002468
556924588
802883793
764494156
454099627
641683433
647508997
928724593
410615006
254138339
516142180
894570368
262276952
324191877
711231647
699013209
739975432
914069810
893563127
884430743
321952048
699254815
959888521
994888121
740459850
926889673
582437066
696238000
652056843
509130971
253890739
883413644
666459970
479141034
305746420
371607483
45937044
453818511
762481392
797140529
636175533
811864633
486939956
805348386
524747323
436816748
554545235
969617549
354560009
464996588
881181380
603399953
228910800
511097683
574987785
185131755
457166914
978723708
282709910
974125957
346636054
199150258
393945204
540479957
606493823
339441327
187001626
129880599
745432413
312209169
813830870
11892769
868397165
673821563
483431828
316370331
234770083
464177892
907818067
360516595
661997694
37082084
813717647
866972095
455349407
451593146
625289563
277274756
200691953
689043704
120450098
617325510
712337739
873720249
572346155
133013772
120547389
510034766
542966534
161644139
459029249
860479298
560831298
402839705
934281851
29666106
185546613
287864427
645419473
257413710
500577911
474668868
972503708
644971748
816191383
672788755
274830016
654340130
932923786
805894287
141002340
457998795
643294903
341548426
988749462
173110787
230432571
447703197
212908711
693575476
108785783
256002250
543644022
544310209
988640125
842349057
787312603
226952856
906327934
731009824
537184103
290092405
714503497
646777984
832004345
106954725
461199349
315494214
810432774
613399532
950439741
572022796
298269506
869279317
763304809
404219974
814970610
345548708
541473353
384387006
240627592
60046778
240462910
821826031
229233912
880600422
378922647
952692492
634846583
870315639
862308253
254497217
405146946
259090503
281355263
338140916
253183858
139030009
101045361
696890668
155082254
733840053
432121917
318396841
693494325
946716668
648200130
245851589
509704056
392163997
111261827
849843282
708225211
633466604
355746981
514089196
923289286
465749515
828032830
698633047
874662398
982531113
252073549
412419633
186212997
247579512
947979879
565285899
752243519
830857008
514000872
269031437
863090871
842408743
565877924
529881363
93598104
407668700
888429289
311773623
602230814
299067268
240040727
621725994
389602023
278713887
792026837
995391132
932307345
153269647
518322376
142663708
132787755
900263401
355472532
247567979
370092150
958927944
336463483
803072046
575080571
978343559
142659815
668818553
489632963
475069257
673785115
246320678
688327699
271626544
147078023
341080394
469543372
708459631
226562982
700390489
140441726
189082927
533984026
766722565
921586871
197222196
984443310
601538270
443734721
215367250
312053701
582935362
601612280
935500808
786454739
733806377
449966428
458298605
512446649
168507956
775493057
775225840
285588066
161354561
815624194
555366564
195095197
438667090
240551271
621048366
931214027
413868017
343432874
249856993
105152689
922189324
379531477
538398098
828534456
417161824
701642879
604429132
270126757
128311475
850231489
486808806
209524543
688380721
671019927
953834827
737581686
420246704
727168491
901206182
745168362
321398182
479168422
255505137
738945506
752232457
810734975
948025126
906242053
631237755
960548115
701497168
669165092
250377642
665560491
576953782
229934772
123547182
150071665
802923159
374607464
199321243
895951311
857944913
980253848
214517615
981576655
404244281
476606039
609016599
752444646
348760161
724879746
936163643
439012583
912433882
421662739
228157469
822456848
202850688
564953520
906008722
647200771
647725166
912263677
610041945
997180830
652621017
674426505
378694348
914788084
986282531
180320248
285381226
105543509
250381833
979520932
975654966
667763198
488578148
145859742
716754216
580935584
597472620
653253826
491904328
114979680
147749767
458370243
454308553
641984977
287157141
279742542
560043576
634256999
979792707
277971126
955260593
477296351
476158379
25473113
267044573
163786457
649290320
712651272
129626064
768150870
515841932
530035876
463312228
120272585
691837298
328824614
508811248
949229971
905231856
897983718
642194972
326032000
462349803
794528036
159233891
740977544
814559412
869935988
942897470
729283176
375361190
206090266
174759562
457602149
465779536
497522650
373505968
472251540
808337205
706439846
847438048
160551631
880108247
480522880
477047429
618050645
165502842
308706415
252856375
194322872
137108060
222311130
322024493
762567493
874178369
383587712
346500464
185680897
342721678
983041703
887534109
267760641
881640355
788131723
154310673
849389535
831124922
433570074
216887027
843631195
565718372
573870379
798017143
334137309
215424300
825459600
909584403
805050764
115178239
563170696
456042397
550237541
604347081
359845047
807316012
612096847
437123313
996123317
464464157
278267479
904302004
416096706
500213950
540927967
632820304
457271092
576620681
363823980
916602450
232202090
488507596
771495619
372099057
818443660
671841815
723535897
329167393
459833504
588046613
683570982
518295479
317834575
145265063
227329630
211473748
399180378
337666695
641337635
244244558
446850009
905514620
420437921
931712717
415296410
464942382
898751419
632737207
828777564
163894637
286681835
213350183
434624274
273642217
812167944
989916159
483377271
832968541
405754602
320632462
582715136
678458390
193925557
762393209
388602135
784749566
301050024
965322011
133617030
811171934
198767442
617119436
310860721
173106666
750680306
484367509
492780751
637464754
602695878
832388125
275295541
558087235
686525156
618361645
717134006
385126643
146720829
972828907
654971152
245359111
914362129
632032990
724477054
783803734
468482339
332800655
691483645
273720845
873470501
309258622
473094346
960459843
467661832
616185836
802938237
201401133
280888711
406331131
28553064
590956989
520800704
334281688
822398682
957497695
403719739
322945142
643503478
832845075
538058646
351640532
895977232
503485154
751340226
419848193
858916048
158094827
464937669
997620565
219830404
178031765
972626126
578726249
694021797
716890019
130764172
721742008
801075880
129694906
443434317
692269346
866788947
504245933
619709552
595637012
119785864
339178998
937372898
849940522
985009047
726999712
668323552
576623317
726534704
591359820
639151265
733355622
634913777
801997359
799771868
345316519
609649760
492912901
628295951
587613239
558767196
935453311
102324538
122975015
598662205
723516932
434831444
961053479
349392895
344976095
217105350
211791819
278867653
266054716
720191102
438835991
686614506
887398625
601234790
949324719
353442274
591996957
975453652
142251054
543024916
267751092
877683612
717610391
567909103
800761396
421283271
655006838
305344192
871856866
395112191
357121598
627362785
531848036
889549734
868950470
645478164
332185599
704560144
335878630
493041564
225844087
203040458
844066826
712026595
650968298
824955611
675704748
879813377
878512288
239858004
506395761
195423122
859513769
310107324
590558430
696523464
292441280
983538189
927059092
379694029
912689401
987110448
131768155
811023667
886057749
457678524
295105595
360736767
572435406
720053843
713620719
458864306
291908060
199025209
493156275
233541913
443205680
833576636
929433994
699632268
596915902
205948975
920832090
526595903
829704197
517017032
883725330
598644184
364194548
843074355
64623575
874995585
481676719
513243880
758184436
317234021
919507104
575992424
932919051
546425776
853174908
359576060
948865525
522840038
106367126
781048974
975281612
746082433
921241372
903503270
748294436
521984414
286159453
254663833
673024604
199213152
433751769
786619050
949513514
727308781
851567135
964811425
345311220
897879867
422493913
287348550
539449798
871152750
62818574
407083636
747131599
760051447
428802704
436399312
360273414
105363878
640385797
847812115
795636289
479353713
144947068
467064776
198974211
810802121
422268886
921272154
449062864
857457345
474331184
485933722
435928532
154324192
691744050
688874530
165753892
210807324
795692735
487800270
393832470
686593229
661572531
389929414
639489288
116305902
181043005
380398335
591830499
181706561
367462406
990415673
949299538
410748816
321679336
770547306
440367354
875308215
831096349
889806142
229536552
942915380
366380770
793336545
136878311
254906671
684575556
258565420
213366108
275184067
412704894
574610487
151945046
933955583
557805779
910596684
837293668
948952571
807575742
431587785
672400917
929440072
479935487
624715210
749335003
242895918
997271037
903095456
173903089
188889835
486668188
977240340
439603227
959891811
536426021
751159619
367204629
746248959
622550249
518431898
667690686
379531939
266096372
615805889
915960044
393182702
154405465
680589762
224485543
885387233
20466192
564782496
491841885
148949490
502876097
338906327
936146207
236634747
283032901
631951106
450617213
378879793
603296047
480439384
520554505
241120637
443012169
383137603
661360137
417208621
567193373
345967938
767970278
903128849
250977566
478364112
729027057
158852396
298391938
572335893
765792153
118179983
667951977
182008901
930217618
993771156
255156318
592459140
421473309
295206913
463673889
959603331
792757488
999003255
170885533
668127096
603164104
211390962
211982861
190542752
878926704
543810008
490735194
259529491
755953905
695294737
942562602
392086154
319208254
296593340
356054101
204201729
269206534
643156007
110282303
173650813
549329209
818727205
633359205
834323608
762616428
862895816
946966112
425612321
216198271
933457146
969638382
523356461
417969581
216140203
341219047
980895053
416583004
992966216
401366719
985534589
125622002
660409993
165012387
984545671
426804004
368739655
529792248
332395557
531622157
897654747
397522784
803111518
586763741
318932932
150382648
447258661
565432023
147943571
546414319
302301074
889280079
353373172
171535010
297709691
914314405
148486577
556628856
680537014
242330224
723035488
149641290
771402254
569054761
516577272
192211369
114368405
591474654
564626899
421527006
457428159
149930576
748677007
829089669
466542873
481432290
161681688
792291774
277179085
715996961
740536267
997660066
314985367
246899657
422130601
370155942
848885672
851577984
191949483
359501385
130952614
945761658
598518522
317899826
174749108
148689181
19534198
827461013
991693243
199095996
281095604
100175002
791258872
329331121
811377008
992997563
629427365
858686275
884370915
199029730
276290312
490199481
424621919
361069496
444661150
459577333
711592899
920188782
621843727
99395802
151879914
296675756
705927837
745274415
654482552
994012495
636628688
989646802
280023547
628607571
443842926
524800923
527510995
945265538
760249607
474314752
281475398
271282707
380089022
854715958
245015301
175387164
741549186
873259284
792971175
263079164
679336708
396923594
637028631
787052429
476645863
938920630
329068152
150197620
941595075
162108720
838079010
816025220
812273341
454060503
265680776
509484300
314855076
348959304
302247033
602150229
616143508
999478639
157813491
640035133
260726288
31629040
788394992
880582986
796341143
623584569
776762905
860124148
396832063
210619688
946940043
195431694
635198581
363812537
646379853
521784719
713118613
911335228
452849180
385440463
304640661
999459005
248561211
633167733
881169579
591713124
392877624
770713969
386215052
957786987
915185881
489690644
282579478
440573399
753352387
849166070
221985827
701906047
122358037
773549262
188901985
863625923
150277878
254143624
755775071
900945813
359242385
328407336
124591673
904236940
265962756
838027902
849310029
805340933
861640270
821278045
569317027
609608399
327539591
415559798
390190870
616722382
289533858
765540856
411115891
411378703
401938822
258756869
321749962
560151250
591830123
713637313
540548320
851330903
411481354
735002896
213257597
462716941
550436610
779264289
862141379
209195571
432493244
602808413
836614211
838739876
716685377
249897190
308380864
445337230
515258660
212323461
687348445
629297921
767628712
887247548
981078307
401151034
143783970
191190381
944481159
465281658
108660163
550592010
834542899
309245088
391811169
715588433
964584990
610685601
346466435
182920778
521880866
938731862
227480616
750721082
35942928
664714767
433729085
586250432
947185159
484009199
134617533
422021836
355626243
112485216
355945578
834483934
983146871
619921407
740010199
930614096
542996303
574669334
257217227
462489967
971801847
781820557
687585099
765747265
953519195
821998443
927619134
263277595
609707499
927797045
597398888
911776557
506928700
748595966
155446289
689125790
923302690
652394060
273939396
509080902
277563163
800568438
810319433
736585563
557004048
220613532
397851658
238392244
315082577
429417051
812442627
109752723
321345688
222024217
610843356
938163996
497501759
678750841
409035910
199094209
264668221
175443314
525529455
818574451
328010983
747270239
846836095
304042034
444825925
504006858
299418351
311816686
763897428
298273978
132964070
783539276
983277755
923794420
483421990
818711689
438015189
624064098
124414413
177569000
472459529
854985112
698920988
562327099
192191103
792681268
492931107
233735782
343478938
157924725
120070605
225296641
722277057
786446029
875176249
284785091
864636010
982549062
728151737
778592639
509349783
915700335
70956769
410948989
772634980
452935909
513739783
642856489
117584010
983489292
824564810
108514857
276866604
820092792
666242067
775073615
420976747
949884633
572829049
862819836
325758440
863318578
522805515
929070603
461302142
605699564
320539493
751196768
582221647
403760221
291966135
487263393
670337890
886933350
536228800
885184993
665723064
536526678
722049719
217782706
162909737
448339533
548320507
764565241
160525267
579980417
766904041
871532485
212675055
216313987
438835138
936976223
831841729
389143649
199968475
194651237
970421833
516701712
819406460
325955636
749215313
818932005
769644231
701431734
834363882
176801255
547450161
924452350
699313641
529084853
902963460
897766882
577131774
765589481
447632848
76356459
913504509
856326172
388660895
861817227
893546735
117872975
439678518
723708914
922461789
190903944
935870152
296851978
128453597
569175335
835604089
846746960
354221318
162494662
775635022
747014211
832471758
596360961
485003089
403695561
875414027
793213773
192816297
314633718
586964147
540735228
617223809
485512027
177655690
276241630
364633502
325536731
753534494
599322472
149192050
538334073
241038036
990694958
883116574
562219380
941346685
409683352
872640110
326695322
551756971
348118066
813325048
327217042
584258071
322998946
101472561
170568033
602186689
990022403
862269611
423864309
265520392
636327726
817389800
621245345
902471213
786388280
787909052
977433538
695345499
670227921
166455816
654425439
580227927
651996191
995887836
710680297
423449073
104670227
566898348
128834833
734078583
464982991
578945436
222163634
557059672
284588227
232484056
858038981
888579338
626136237
465769214
891264304
529492373
310148280
622990362
227936474
733335249
818667276
479657908
145539698
744836649
743236685
663394879
251280389
517341869
945560793
550589673
615520524
434068514
760020633
785430208
585454525
113636235
637919837
121524630
401669107
915566411
253641604
151651571
679980624
208295478
108010159
329133022
515496556
846251057
284804233
231874212
236185806
997616927
599248997
862692611
358046440
361155692
626493414
367490506
929256830
675407635
216262592
171034072
526732091
378039469
160030259
715912637
664623844
453243664
470908134
269488141
291276402
488202373
269769344
601741772
815278778
711410339
484179034
474556069
784162614
941209417
954583865
412174738
124117878
207951017
329732960
88757050
944927235
885469519
706191978
136558017
211280054
633216954
549486350
419233961
776885256
415222164
304866194
793126226
768432014
25453526
624693482
570964630
394008257
329424601
862315717
915388696
265149694
444624637
145020275
748854136
354112371
771447434
885769421
497725121
484743193
473686374
101495332
215976534
600546151
144627096
691545734
103896710
720223768
348337611
902098703
488318587
674142850
675346822
695480657
617219708
257758554
704611581
644866119
108741012
900434522
825195051
621654061
487848390
528920128
513843739
786850770
688278139
967507521
323584904
551706962
700941975
177275455
513066101
510042252
322736889
580880562
130865608
359769751
275808828
382129413
151673522
681269536
744911281
431916878
702968898
914651052
600311365
217305064
496991894
498386356
136796411
737764092
297974317
476319680
155126566
854512399
275579998
886124045
906602193
721396171
242821558
677268919
913948123
457919637
885575243
930316234
790077081
906240570
281245337
633926497
817280507
832026404
877054241
473440496
847829710
519757811
413839542
432769549
589404170
117290242
938994386
139268214
145741756
616590589
291529483
125024336
726635046
892821176
202013664
197859793
853384295
190823006
293641101
964464840
864248202
558267228
799732183
494166946
679203272
766697201
738868684
244277129
975723376
363660987
857361807
553224876
547874797
943549538
230647949
799694998
878262569
375715216
198643877
157810488
550884576
491040210
813601572
781656138
201294939
149376164
896618649
768161328
747296037
451092467
712030781
627943726
956275313
650250091
554609615
535233588
131007448
517577935
966252315
986172076
833878520
482164497
621259684
626060488
736765132
550959836
492662209
970117072
830036380
619152402
863697336
193469906
529042460
473859593
251863930
840739997
487136582
619097674
448649231
754647941
648811902
287196432
640632727
276701912
340315817
372961779
936302726
173463975
343487119
882649349
857745742
236278136
465801201
244737605
678810873
362693985
869288068
598634697
366743765
785795663
483640497
610577588
499788280
274521832
189232262
741162769
745714308
648144701
838431566
123092102
341799070
723207613
826592911
979370065
569691372
456651806
306772087
768426766
434977980
198952889
511133488
405572882
865611958
694597672
716438407
195880346
627903952
550147002
579963561
695497172
109669522
894560744
652351366
333444318
910664615
399601229
821737347
166736452
403802823
568212589
307857102
105145229
167470711
938260929
889097844
133162892
403746715
262993874
930699212
52290850
359883469
311642384
921274839
839434245
388383454
491908056
878321659
221829163
60669010
785581491
253519841
370322052
838747574
956634948
741477320
490409254
303520298
143781619
266445777
167674469
398561763
697664130
358122301
125977985
147737333
552086107
594885843
415977593
815118357
943177309
413398819
252165814
105744425
444145916
367696361
485728163
958464875
103051077
589692673
240915862
200770729
837635616
645023196
344928338
528227639
171582102
210184330
747774375
475805412
688799045
989288116
992049963
708841526
270266749
651011088
184003591
865177825
220643081
186046468
373955797
497121063
708740566
796397963
764623756
370876321
230284784
770812689
141512295
157713491
781303057
898309903
590172237
460532078
952857721
705497266
109515901
110112654
785085792
842762139
975595262
931760150
521278758
362183867
956607560
767104769
422860940
760372988
632622022
645163915
333288543
353400601
173448878
737962773
844914340
985153505
181273875
192104679
182265308
976520180
456048800
201240834
581255929
173065128
485477102
960495489
269838888
934438967
619978788
294539642
272946685
569711435
489038561
361028100
834632703
535560074
131927290
872436610
135223224
304919827
255770846
389747417
144326865
338547456
213309384
416294848
461801777
707375512
757765594
439392346
929748591
769572598
552634723
336559376
289768097
233245181
902822206
814268682
587114555
178042672
990269921
261039202
435485700
594573895
702632330
844644119
152221764
160135802
725444323
678387112
915053342
952194134
212016784
673676951
115955574
943220746
595059333
489806093
212142761
477110302
461166934
285835931
936511352
619940366
200941254
741038276
157948495
516974813
535379212
360102388
718636212
966735912
391861615
429101556
921820656
923774734
656569860
325951389
631392832
207327093
447190486
137756990
246114205
337331335
715966572
266598653
108526583
303878585
123352164
896566768
760528986
300099889
288087077
909788258
964161471
547847873
375292740
349299863
702405803
239211051
452180939
516638649
844624265
131862949
602961942
866058098
313543746
767930154
261530805
358393384
783360395
427894805
844008311
312890867
562680134
666074134
821787846
634027494
122514272
461594957
594700801
359618052
643202376
287734679
898051500
330819455
111056604
156864636
416243975
329378707
820898643
935791312
804069130
270023347
254039317
648193633
881353456
367748367
142801835
359032682
242141261
232596666
263690116
878978586
325536640
901287599
327531362
451281955
590288833
236842777
260801051
841786482
757472276
181788970
612595095
367741305
866018198
104504052
208058670
583103825
774085435
621529357
711623873
323631625
941770052
686324940
396405447
134817365
145303873
262785258
104074990
617672884
728767932
885282968
489804130
990418413
303695939
954559560
635782985
264143662
650596109
755033208
462647911
578182364
976625740
832273937
795547812
835586014
555735804
839328286
885089329
511063545
357804983
297769049
760906107
287325262
202261828
115080015
758384651
501928952
271265452
263359870
784352161
655501851
875152005
751382001
118089021
197040773
423001944
123692262
696178324
983505918
933835797
128342846
110904840
710924318
255073629
176808530
362960941
603755518
637112159
362112221
349155352
911035701
172326547
620317125
187429484
756141455
583033579
283987696
982358492
912928665
915997800
489023453
131428237
200828048
754337448
750687637
617209889
317744350
630712103
298391423
268671849
564238487
482238112
255115530
775653767
379316758
311078773
418132366
214932661
522653524
527070805
761024578
220657184
860415420
253774824
155500740
328695297
631886874
588759662
756050670
381095136
487964906
154955928
480637442
756755858
297260678
404569199
829885560
659772173
338237382
302237223
439751418
238398180
775828788
683078135
501585461
170656489
304841883
114030926
733135249
868138069
412119968
731928702
798616161
562451060
171397750
444448477
955769619
940432568
971306015
893289451
158301226
510356755
558895117
230331652
382280439
145327599
851064106
879545522
81249039
195222298
447939129
559646933
373791242
741211084
369598379
979278944
370945093
517551840
727989157
232338287
844657130
780865578
259156567
766465767
528520308
847581799
450475592
199149038
178083535
166945717
889843196
531488762
932042713
905358002
631039689
177929845
222103010
159509480
787367903
276029743
224336370
994586409
376954358
388003438
806394775
214942325
862465291
552249870
738739402
418172229
349275771
640952040
753816895
618772700
442806959
358185954
523677449
448684743
760945761
113379665
251315054
462964718
126464322
321761074
495039821
458662910
637379275
694091700
524766465
252884990
424035157
579781726
825240624
865976601
774599466
532042263
944208860
502332226
131163887
691700229
813010790
254099137
980275609
535542806
701961915
707250730
974126151
487825081
395183166
689609154
973039335
816559516
818462714
504087134
293956877
311580724
574344112
451620028
925519057
372306768
156578373
342391319
347271382
814059101
787513959
542094995
905410740
756737033
601987883
208791499
674736081
148955177
568934185
894885345
982361183
585258523
457233600
497738288
993577476
588055270
265912511
975253110
499256754
373009149
630867319
743378705
319103288
841225281
506431246
891211196
305945157
391273648
332621477
656336477
599504713
821520522
538350428
624204022
945999994
346392221
270524465
525494302
233255735
17234592
923662612
242900961
588802104
407665855
924862356
71935837
425514282
792042899
732713351
510711160
382146428
776292906
997660429
104131655
954118942
787560076
638866709
647512946
400826375
221702299
452662839
851400001
249663977
526023906
649175291
593106364
392968990
646980960
615394797
668351484
95370312
741385090
823961029
642705065
315122772
366743140
169853151
573576708
521324318
756171999
661514283
664361212
418776836
300875089
395636041
828237261
500441262
666645232
136838800
730236096
777345301
325253488
234120178
327873424
441047510
197979019
951122625
712827887
685772963
256102172
178504159
183972714
965977431
895135642
723502109
711453520
562130903
153361788
793725999
933279339
233263854
450555035
821471368
427000143
832487320
891611371
861298626
640115882
703481882
672451116
391198366
903904188
118681470
228613078
589644547
361888225
753090818
811092852
126334308
152626450
787049650
311745947
112568206
939342771
652104965
841496521
435363350
612506267
384453959
980169539
411642464
582502550
162409541
944291204
70689920
435242131
470680826
137165696
626334946
306291798
385384661
58104276
936136773
240561298
214927735
402774616
520688356
506845582
607020942
601111313
407805910
305713723
333766527
772980798
514038887
472846676
702339672
164591380
474845383
501841465
158840264
887919272
166596198
294223050
541982892
967178752
301933339
731818593
860343398
805136386
912811284
272385218
390782305
888534545
780262555
547615047
725568486
710844603
107289725
350638437
176929752
970477091
948080871
756235625
564754953
261657084
667166580
889157354
801903636
696538782
936753719
484229267
178011574
252632718
260034886
727439676
742879156
184312070
895343200
841460575
879808139
519817530
166847789
602763161
952868941
832791817
914848456
175545286
305714576
671803431
314921874
681114181
956888890
518294164
745921080
808539987
496714535
690603229
801866303
365296694
930575372
451108898
379919753
563663605
338105427
994567468
357246492
236451514
760314945
605315338
410097124
327616097
889248043
802477967
147682488
267740838
861283288
210137713
174374616
332309471
422603929
141488671
218420861
443914657
642718094
974498182
176585549
642497835
972949389
302903955
844644781
943650085
345516727
626503066
814591016
902062072
668636972
436884209
962311811
301231849
936909371
178400535
603856825
602668998
515273371
379775372
477966380
788847258
311540894
254519127
195227302
416699156
206752819
959755914
503914535
107965614
982564668
117434243
396750550
870135268
433812830
261434576
484146661
846333610
812237294
49683852
675704687
192334135
284546830
554406974
689442820
879698376
316263316
915205156
306198491
662962132
689977808
180567243
884155429
910302916
361618279
732789709
115113632
248312275
747134035
395108664
596343889
264078349
510723275
415896232
288663998
702872187
175618861
314373928
486247741
384321207
211417188
727287359
785443888
639790958
783555681
281529744
917649255
175282023
666813155
692286388
276228156
120315465
882517019
394269857
826293497
742313425
914624256
531924416
456774493
234293337
143406390
986818899
566079578
916954062
203634792
208382468
732125907
125292163
506332301
934039791
864508401
145785492
577895184
977007300
323452856
952961975
696653504
257806985
226630217
649260045
445698990
374580324
502863866
969371447
465128996
587441084
110776852
164074812
511251052
259436067
434311662
845381206
122700646
506119752
277489599
918349392
990473856
358318497
319179537
122885709
116911027
616994983
850172359
338620799
367915049
425173670
630159824
130515520
504565325
945313575
376300989
329883505
203932943
437279789
483708875
610039830
439719711
932817048
749660210
976119514
146350400
906806588
212512216
121372555
365299313
816585101
834004464
243841428
260612738
761256684
324529229
418501522
890929663
967984706
953842178
639576796
170371090
853045795
105375041
310022776
814979959
201543294
731349825
245724835
645597713
991854507
733567938
992742520
284957769
562051917
541973024
149445945
421487577
929509071
993243908
568516979
143198515
110411325
494244131
248297064
122315594
785505420
497265597
666187856
888022916
181283006
855131499
639597792
807130400
797512204
159078656
170886783
979315513
330411434
450060998
133637739
942245017
680529869
675679974
933521542
857588437
630050039
751629703
892753119
209725775
288330022
684382552
106591320
288444517
831209881
211525442
814089035
211240576
998415888
489030428
943549150
867361596
853639658
304369288
873326459
269521635
944480321
672953473
421272044
908766230
582567093
438673599
636920309
913367712
626626411
676386173
911207316
346630463
748507719
184331304
