282409389
337687833
753649869
544030762
832800779
615624223
452572537
393339329
46636031
259548626
113089992
824469665
191668244
624224955
599179181
627016668
256345188
653158614
357148897
735455285
370358954
423749047
119309466
731785930
159652774
140628832
692914639
507658589
641562038
314191933
459909578
349136367
336350588
434294077
807769285
140807426
36877804
778111089
738473152
618705681
263058972
286665382
812516269
137862733
193981449
644486809
437813647
813061631
322204217
423614197
873464761
551439641
876452584
153081228
667576383
994116645
898299971
188902055
904869991
81334326
695350404
123602796
835002098
811549925
521041867
285064255
149404702
448187741
633912831
869626667
704275158
416965954
66732697
22279508
528993484
812780007
453516899
452161834
581851845
211522471
406145351
810684522
701420200
297833682
14430718
325936044
709661354
882840461
789734079
848852856
885891491
155900045
953403459
922992020
642318773
388145887
365265274
480359108
497353497
116225533
138285791
745211116
742523996
985976257
457208882
290011381
719419538
767280460
932005067
219013872
290350689
113950272
15339035
102786240
904959552
16101254
747593875
401323105
37751169
255593316
31096387
671179024
557044694
553378586
937093874
967813699
995285256
272634625
139556842
696036528
760996476
296634234
147555296
633586493
785928259
33546837
141499290
144887836
934620949
463580839
495242545
189118555
245635262
976525084
96472101
315309031
563366553
204398050
358097183
814675837
580173145
724546128
960873139
355606846
551760160
933766288
775720546
468842862
253731130
431501481
191180688
483581983
207201864
766789940
198384216
319457423
391707688
913341850
123887195
571247606
403566168
133897497
387117940
193485195
649637363
256064009
464482428
193256818
990664977
925289296
444432987
541842774
274629236
878614642
761763903
507082310
99619567
438115722
553988162
826389704
11706853
300278692
391079593
348022416
475503059
112862427
145211491
567470231
312755937
267300923
17650651
237689219
604125792
169736204
665124618
212618314
388564518
542130826
575631074
305918283
256010510
357868425
496566733
24879900
258170369
478899039
334702926
521472139
15984341
602779464
423035739
117460633
310890228
109599226
741434932
915777895
274837182
314622302
569412909
599009175
572005715
730564047
202318925
600169104
865509088
809786162
191605164
78187251
637495213
577264609
306073567
713085474
956265756
261648311
250900721
566635242
256684607
594024738
965451050
333943683
972759030
570878341
465175517
116742404
516208415
797758812
587189409
869001397
532966380
65670384
645199195
970144727
290989618
960646342
783326993
161070157
959438965
49056934
528726246
147898870
53357008
523011820
653646078
705608780
498545514
810085838
402520876
440894457
967627118
167144627
665335602
497744850
802651569
463090970
405708298
295805858
741471288
861335224
494087124
343794184
628785406
730931993
216191255
992136703
831153063
758121723
734690155
182335127
926799166
814263097
652738303
163376298
637229972
713427048
130465027
130704533
596028977
303386519
411742570
986494893
520432297
571915768
457488906
712858632
948340927
134602284
177762262
387080987
906048601
538304711
316571574
468714428
861460135
142330285
718698114
638586795
937781841
590979862
324057101
790285620
130534332
205013176
853717592
479042735
162335269
893298250
682144605
155408401
965341148
488447134
889002310
913856453
950661223
36475192
112469121
988827207
941245865
453243838
698487796
341905814
159865179
172017403
236724150
863672952
651157182
356639460
902658553
62373274
848505948
388046654
706398793
513674712
596354176
88594154
441513909
55146437
934841524
687873495
81789755
459164328
278410481
378632394
405759149
589198931
664379875
946554999
164743666
409251107
266118168
852207633
769153325
147374412
160415634
713881711
401800194
951322771
805812969
120471709
240738961
689474958
868516717
178697302
438866211
877675961
478053521
642071827
269371435
320065564
559563055
823633177
194063931
76290686
83874715
216933208
669517154
688832525
196461099
576813579
118186078
632261469
679948943
967707469
339125568
962427284
691608200
803324312
919819956
20527810
28786437
583644736
149782355
730572669
298631749
638599754
430070376
510106422
370946712
224251850
810330856
756955626
444969489
616528651
530134457
711364204
810200571
598103262
579732062
937920354
888942896
155233629
403601305
199132141
200090188
814349111
453269252
607291103
859338506
356081329
536078432
707753164
544455099
139441178
280091502
598145287
879341101
272074594
245039813
964459831
784643323
449920328
332563584
222152006
696773377
150977398
692405240
903815463
806307661
770787705
122742343
738916529
452234451
238892571
213810743
490990389
998773601
923022190
284888769
451351195
646423523
778892521
919498485
221778441
930073549
691894413
828711279
388749818
502496303
171885286
78644173
244711548
84268084
874662165
444126343
795633924
192486770
765842490
854732962
225348468
807109339
695894639
454198859
156438346
168468914
507698560
164917372
173435145
377570948
119171453
864006372
289783577
134817806
519083545
185970050
305278620
142124886
332647868
858063108
17951059
658968214
418364962
310831250
355139355
737773815
439671593
700087713
653239246
88372802
609167571
698356335
830794507
604810859
577706851
484565989
968358652
911443377
288434630
454870113
531747820
778903130
854088379
482731666
989122269
360892837
34043635
61213651
192551490
783058969
697072559
100483496
400499681
477968542
93037156
569793493
286497144
49438163
345994300
56415604
54557853
538386034
170927808
442162748
287585435
489562954
913999386
640953069
776479500
515806098
269809228
851962522
762181557
226857953
310272227
918223508
981911169
477744038
941389535
843746422
58963419
149981497
696959289
159435847
753232136
231070664
27133482
330439733
682673977
649922528
708203086
197865421
678155762
876182812
224092632
615958365
361572025
161080337
128968346
275705649
468834244
560521090
763602027
864134279
39465741
620643888
390677399
773093632
541392728
179624050
232621281
627301224
786381538
374372959
251411962
360702441
407471860
997261120
98774002
375364275
31165026
979129764
866331351
403251728
41306545
783044341
836921566
683914070
827528337
590937327
356835676
399342486
241972405
345850025
199225120
412728601
610947565
379398812
939607024
684647345
233087653
572646944
495515912
343977480
810434264
768672006
28348850
538263409
54275583
794910892
800458628
367147228
901276730
853362526
567816215
366215155
423988259
700301005
897192722
807180393
109151617
586103193
931161582
789644176
887294389
813921167
61338619
918471864
18658175
771823303
142452448
113212666
859421583
319064222
99564746
71515218
150477476
809408019
410998583
852487100
818534840
219093284
391973876
649627085
358504393
344255095
373635670
116723484
626070943
416816817
148349264
369315403
899338801
667149699
641238973
148042045
968556829
531018206
128406815
735908212
142937970
514906867
962155998
437674020
266340317
271635575
701693047
229519019
481079080
483279442
586200995
820422909
426912117
791282753
431281420
458533840
150933190
276563506
648494548
356000041
47618956
880740100
848032836
729895925
806008155
448764304
953642205
990432749
78356905
499953232
815651468
719396665
261328130
895630193
279809556
78989282
49611522
82184988
321142545
902012177
355988723
263980792
276155711
135267859
980818873
435325585
202425061
449662014
913453720
393810294
123492200
461228427
438200492
422722535
646203078
743010118
618509643
824531921
444852528
632143959
797630626
427856788
791602471
114560107
767974198
950599332
701088067
15765513
383865483
121981837
430083928
488291354
362759998
150288058
407787152
419796821
964184279
462930740
570489895
845599049
100719772
778041821
61819683
634841789
523899291
378878151
526689412
956293156
461044767
624624199
293956559
352550210
111624413
672189426
385154258
230853524
360477708
584708754
966557887
226398816
953594922
383243635
967378090
362325335
755914512
327529561
42741433
837031034
704894554
330144895
594296099
270242745
124244014
582605660
460510382
759489007
674825287
853875402
94656248
972942323
55280657
224827757
931002832
272063267
989249737
610153639
827392126
581682227
288372046
532050853
142426718
157037938
234433976
360263009
505363024
887292803
765065135
400575460
599556167
604154159
592914858
606811442
597896460
385030459
300491233
690591201
587521727
908218328
638037909
661435252
812439087
425743685
800166294
657889116
66405279
47359738
189782788
637947328
720759569
371782933
186963726
827346336
886719145
911993771
48626515
62837027
800927443
98742582
560166034
798468522
337943299
831883891
68228576
700675082
76977790
891341593
844021716
807973707
540805076
576444338
347659942
281144759
149843319
289436210
718743216
673768066
177258723
485502957
631269641
825763161
823521049
964254473
465194593
455176804
600573639
765185272
200058301
14126286
184737321
92598092
717410072
586054829
485712875
885478538
544302985
182342221
915862872
981563827
170536778
190437742
311477413
283893956
180533747
95477013
172896305
619270379
663157237
625200710
157750460
441947048
714063351
139935693
891096549
107950036
315747672
450130136
983374470
651024899
174545554
892596396
399035502
656961900
142171456
495020857
979019534
261924685
984072025
629572166
904541728
96884529
989359719
681940198
114605392
647711876
394209785
696689220
111588584
801634110
654206500
114610846
399677975
377738006
93950673
205877458
828864905
644372302
182797584
644027172
701110235
883647804
434703971
564708658
233132528
143924207
692921928
745764262
901395722
733295704
970448219
148527045
135864148
83098483
527726438
883773024
936304633
536388720
569071088
299080310
381787442
797786840
570516141
294090734
599551936
759499232
506688067
644755097
119973126
422065633
57504726
883956109
282175913
935885423
689090091
965640237
571756674
267598451
957397167
182029055
360147079
810896954
836922597
107989366
331136556
320064931
550884956
713604082
885825260
921928116
747480209
966643109
490158804
224929352
836215823
443232331
603142571
514122274
482497933
795606962
30339179
751735537
272653416
985513582
78710357
166177460
385897031
514417353
448072111
272158006
986390341
691568741
888179970
918631826
346119407
176299141
40251186
677424300
324848924
687185045
502051701
573880358
161892858
664663871
963997852
17556600
488825157
266725058
309614032
173110788
390366815
23220533
767735931
291624065
883034976
912095623
46070875
233296833
140741901
935868955
371551753
84517055
941177661
636782818
418080403
615822311
574015712
927835187
864611021
415655497
509402722
655727802
324932496
672321010
836754343
775959808
80093282
991871024
348675119
507836307
797502714
436794708
512126988
365071451
897967817
974197892
636771311
763324502
285373924
430100603
359705495
377632830
699423205
76608015
263063065
977723432
413937285
244753687
172020780
561798132
650030697
403249053
513736264
608704568
103618317
742847115
109951924
192956157
294893835
921097584
747763460
507098016
903669671
139675859
273576838
859846334
135878755
828022637
773356915
99248083
380622053
776545751
307480850
595744083
701919850
54437914
543717681
919321317
409326417
805263611
686642537
104579326
737401175
637088148
806872673
773367908
39334137
426081418
825034732
752731554
822855096
965490640
780495384
223070473
345315701
157046264
296404922
520540646
898308822
678115793
855388497
564895932
688849083
837337411
177731430
254123784
568768133
254027398
837326741
482170710
851884827
324487568
350207594
670319496
806601496
638088429
35818003
562055794
764291729
443687439
183362095
205731012
392355275
168650549
501644187
226962629
539963161
198526107
296161061
288884284
588557837
904015570
524149969
333170301
469527064
831936075
792588436
688945697
845008504
103342294
962744782
522336574
310463631
574878457
886501199
683172486
661491449
504463973
837103535
748702358
542844817
782330913
665483047
935263483
502881073
953996947
99749056
104008281
825623058
847623740
153012800
709407983
357989311
293286198
482398814
542328516
893942462
585226433
355484229
537183639
529505227
649757836
191933344
860275319
936981934
158002864
560130671
420871153
969643081
707702394
120528002
445522551
308101304
282886238
633547299
300256786
672459743
391190975
157731982
921694890
710563854
351294263
682032641
131036333
559336837
463827075
429308507
877184535
537981668
369420606
892872991
194588087
729908914
678430221
445738045
628506988
495053303
441289401
555718399
288036112
661373090
127602100
18363237
304248468
254825245
992068233
936445313
780272151
798647793
687914210
182635548
158417882
581233093
834660789
366759000
23073443
780918043
363725594
774752974
548484283
396818815
815857379
517127432
25244537
301498236
703893864
809354009
683448634
891502069
747580771
346030806
231730842
834670644
793788519
932282790
525618122
359189993
699221518
183887520
593203891
479267230
443740409
160397173
136105021
194804102
972563046
442453703
239749857
732451182
713071835
884863836
168205380
310254135
875217610
707611395
40219244
962571091
897106348
712959646
998474227
499788364
713384790
219757438
980722524
911241521
568516700
521862067
682698139
878926579
62157442
981383142
861678543
745632483
900595770
375594201
382920241
158737157
620886518
507268456
915816565
581178483
179700617
885565544
886400869
293173604
688851362
356714187
727560103
644617955
206060572
353599473
262659341
500147573
856945339
298631772
364244132
911961282
843229700
169328801
154302158
725995122
904904638
812614574
549705635
739777117
21855158
369282619
964391586
446431345
272447515
766697907
310299079
218507892
284220306
199423015
770632150
873758686
337932233
521376175
732136548
549516168
450919568
759075515
17751909
64537732
373014482
427181419
254465822
745189326
191780583
632485950
11703811
788335708
996725521
316115555
648055521
621828031
949152542
445701395
725910215
333673116
929015605
961658863
971276783
857765710
568016204
432512728
127431241
119439689
230047263
302300699
30190917
17821843
231815506
649594373
945846988
908724472
727486130
959755536
27378937
926735725
559230718
269711876
15723527
971276431
147576715
874110814
812946182
465355495
627958935
796936015
190302109
580554789
183249945
187125668
964360860
725740948
404320093
97654133
221559517
535781397
283976864
678911872
935442723
800116550
789805347
166963067
523150933
637234654
632902162
155171238
433106492
728664371
353622618
545519964
840170123
847416381
209988166
66113082
930774704
13947599
761413798
244169798
841844192
356653554
700450474
911291731
102227828
609796996
34822801
818317308
593600558
727590027
925965184
236241022
196774462
499282433
182101469
473175662
920695402
213873973
720184463
884037489
151918507
385309769
357708998
366269594
746630673
862773295
557938710
885820670
897559563
782468167
943096233
182984363
281212659
299611358
151302020
912853155
886258852
402710473
993418383
431235155
407125510
216266201
72968781
514135289
408148049
437483574
423536512
406136476
402407798
671837724
848799621
705020195
516301028
747670949
83486973
915480511
515349584
17969505
766207183
442370550
644574348
195357011
171177495
135346432
157005532
885502502
870976785
814826206
236272824
273966983
765164795
535202493
204574307
994127557
891439512
428976492
537010194
83737557
306087752
622225491
183507012
976844533
739111063
900787715
147150797
457880656
871262179
537824060
779050329
740609327
837014728
305190440
43892974
373397017
989904007
725242191
676517633
149157616
122161121
630232366
173499927
333993070
120583158
363005807
828841025
106428859
701406873
800220555
47819547
508398653
368309579
175654620
331578192
426608493
897185527
682845356
103360598
699855139
809694126
639810721
266006781
624403934
181668263
822940512
999220719
165793680
840575765
513847123
330994672
128601127
700884001
887371506
996425505
803283996
459317605
80582272
302455758
656241740
604957622
395708025
883694167
962929642
490639743
750030114
758810574
773245933
907534331
305771173
411011171
379670921
83168443
780173127
360934443
465415863
822731808
589778080
255825163
698403956
849591496
15868350
566538729
935913996
356647795
266875534
833798555
214637640
573554256
179214617
283365449
676915914
58995150
262385195
681061428
593694140
583837197
343231849
422591071
809055345
976211302
865475987
533391578
892546429
631965375
863309946
923820695
216738918
315651463
84107301
706595762
286871458
762500712
224301725
898634417
796147891
696884566
850823682
90103190
162107788
441457263
342110430
218906290
473151466
497943509
277815329
350436966
637283225
321383521
938197747
900440032
457789650
284721577
143912650
574750459
30905184
496544888
457675399
629781858
16552539
584562171
763413741
380936791
151639867
61814614
640539213
575801860
798405818
178414935
245779963
506855918
869997654
388756148
794225552
798366791
247894459
690864954
731369685
176393906
668340056
26332405
103083407
962105208
596495515
369206587
382781342
847407066
904480621
234486616
447039934
803612364
398856103
554300938
821088195
486641164
777334680
522198371
783897692
122542588
242669462
286383214
918355106
599376744
641066908
349995829
243437252
649376877
228137621
875817351
402445989
197948433
345396612
596485001
123996502
655269166
717781682
855815466
588359263
977011990
81431515
107108806
229790277
574346268
398618864
665278347
132604261
95470380
708733234
217996407
865676194
466059600
764087983
387260419
275745427
210074298
896469283
528034531
513729157
376636144
897581035
937510860
352483664
794426506
360285170
738607589
504529844
597672858
791983149
537327418
23745629
401441446
10092810
238855629
44550554
739225785
714681052
477302096
543881598
615519743
527062770
787266992
498304289
175803525
596086499
346219147
109293018
894953971
873568246
36396424
912410150
630107042
233056214
887058756
412868514
765547437
942602542
878594741
656267555
539375617
138106548
446344393
419496545
797803654
661568220
125268027
313463562
272605854
551271151
703661225
431688305
695594744
76520569
581839357
160221056
662450592
271926742
458354755
278373517
889925456
351021315
178774688
349242263
779807391
323950743
924128236
768040731
235041605
73424629
578061490
601701128
513313209
828532037
23376068
216977002
941489770
458885855
272675135
131166548
340544452
529499811
95236724
391511429
587196880
338052592
731215894
871340659
10706875
169527489
211002178
600514735
877749502
778168053
808546904
966622389
165744908
651747922
520306980
918965599
803771927
894147114
608960600
150446064
237278503
634928446
987978282
471328303
270499629
853917931
539847876
908162345
434709453
958694361
872222851
580422204
526011468
452688943
630474451
34953749
874903611
49901418
132157008
636745426
134036462
371555608
567415779
760243839
154024448
679358215
725644040
588350760
572870858
916568859
163134414
584155669
584357518
402227733
474284216
111727815
343962161
736846481
403480468
296641290
622886756
728028926
19859595
308299974
716123791
264677010
706056275
410058513
363488752
365270412
79993242
746738731
706368725
600326181
954250193
699792037
611634498
518815650
964905743
461843481
560162673
754061165
286842474
379501082
655059567
180762898
367842143
697686451
532670430
162443511
652662681
167313631
759183978
987208918
152000103
434151524
846332749
412944765
301327684
913584668
791840447
469215193
986316219
828946347
43540932
927530960
697252175
82751750
996960343
618111891
822460047
861102684
851992744
404884030
80936932
885262395
442630719
950936541
328397973
827372792
213552819
344919942
589540514
980661082
150761142
419004121
728574664
705074086
649578796
955359996
460541477
732862274
637370154
938243446
37941828
879497219
967507069
202858695
452284189
485285878
471273201
798873798
895685710
804612744
754802257
420094598
868315893
413995828
36806337
128068113
672558880
731869611
439822951
561786503
177150319
218123055
209834633
815111815
332954499
452082653
169778828
732495695
465254934
420204924
932363832
457724820
484480734
425145191
51159961
391338218
573686514
464564714
42502980
208331305
599875043
890697153
312665817
397872120
512912643
694618355
999506726
825315275
909233504
509343301
891758447
360053512
69264466
641922096
838364150
452604914
475059459
32596762
292957985
693381059
62359242
468268808
836936044
155453897
460988370
443345471
696221570
793321945
720620649
177856075
889258180
912784046
987130576
898507730
691990842
435340133
264926456
331283828
240845024
539654497
576045437
643553666
972746168
492504717
266869733
596328535
574670824
148023886
979591488
709522453
939969091
429389936
582488347
224484917
418929239
307041900
658997880
143197117
563448727
819964329
518908588
761040370
360631695
448385055
284925923
773389992
733879081
672169096
685358531
374958477
17269598
224964148
559121700
639776717
956399937
221040103
380564681
51288246
101968633
231770795
292179284
513084116
53953839
831614896
503397817
914630304
466405220
515794751
325876998
836345152
627738091
814468445
684436344
270016347
458793363
93243840
132189791
91887629
66644596
874140930
296519554
175658444
654616174
806099348
436837052
619687412
245116574
687597437
340775955
677534715
233654687
569175640
112579185
430527055
667461039
853662271
589491416
364788584
651034974
357696280
338868336
735557843
546704551
27588008
952025344
742236834
612193403
914529542
733262122
533140131
273197901
861849029
173069718
866621435
844267498
188283687
697901215
287861580
232476573
120175141
816316856
32702355
950989498
134954106
548025530
25310639
531561245
900815586
274806435
337362863
602461655
815252179
963649770
405424824
135558466
639178276
121258797
47467868
126217467
633397141
478181393
322265091
263657621
82040338
250221520
255768250
466507806
631377394
994203993
228162570
310992995
438956469
258447696
967321173
141656987
104237226
314990589
822344738
260278393
437767081
949387849
573630079
705299590
100199001
502669418
329670567
786354861
48525370
582530412
575457690
215595869
622279129
630473314
875385440
60522746
67586097
373769773
941141965
743388114
931792979
125378807
372442573
37815775
199279080
393161570
864643598
207751036
414454691
109195918
755872006
889543544
85296106
442652545
696419038
944842633
598887998
171757064
631601737
413978191
267818827
700473641
759508413
983737861
834466782
450568795
973636580
493412967
225880785
297306329
123892796
832729042
209063147
800192426
187646001
267535930
526184543
473732503
618161123
584072974
70359935
638069239
788408218
253246493
911667701
760354703
994658651
814626350
888243495
473058037
774933130
810812779
728960716
154941117
318657241
810310078
993044886
809842584
967376996
916081759
650956775
339643435
412588742
417977622
343623219
360180771
938054500
297706694
512410849
783396301
739339237
649370033
153925786
447151871
315537157
702939626
401025702
888440647
385813733
183524213
617584333
518020891
531860526
45285947
211206654
696090083
216047201
902896250
923003750
287548559
557156224
551982799
880456565
875404943
252038422
577764442
98093146
927112897
760206062
375302934
424784434
911488553
437161728
404359545
860713304
887860998
533996740
369622294
920888759
364063639
509672636
864120202
801469832
551144137
921630314
538816466
263077664
513338040
136989181
742398723
961274187
678898252
570474032
675496985
323901316
362797093
669065023
155950592
296958950
201284205
362420816
330280000
123618358
341382708
425026074
805867185
809198066
735073704
704752892
591191669
429448056
340679495
607318544
31739863
865695645
553679367
976661819
836603208
278858734
298636016
989123128
930136994
776476390
389504987
718031863
220485881
250882141
201660594
595349850
346979745
957951733
154751386
257957556
929152084
895194780
673923934
553928314
536260362
271211030
314537844
717538666
377120273
753321287
149293310
717301346
707093801
107808887
471939830
469867889
768133969
809669244
834850470
113878008
619836966
969184998
336050067
71230410
401951842
380674167
597623927
783551460
258691760
661405627
663157316
836688328
714701978
410022714
602860095
428562241
475881701
382162971
995111679
984034847
317738277
562333293
704165333
690042476
383495859
850052702
234352632
947166258
265140000
375223240
180726546
785110114
635668713
825474443
827198869
935841692
978647798
288653070
861696937
898280922
430256955
462288973
302757345
313170561
745871140
805725146
490124852
537806484
176169320
721636393
636374568
575989606
611984339
834440582
108532183
236409620
847542488
693937097
737274001
186659914
985290914
305651635
890558371
661187718
781235642
811028962
119450633
586814645
956410533
452438735
114283219
991495446
193678941
165001205
875558440
978407957
482902872
793161279
541919226
208299847
131232568
618973765
65515248
839478445
152757082
404867653
708204228
24593188
585680055
834378643
243281120
217342273
290414240
823420528
450361461
543017312
137107718
530385487
366157371
696366618
925910255
103605171
562927726
272217114
298365720
112306356
69410740
588537003
211977688
405948776
780324594
441806506
991443638
131562432
130873262
576431815
329936022
503457450
597221170
271129477
871400918
831983351
481545183
888071459
105496166
352106216
790204379
289097178
210989077
87881791
145162716
169990294
57481925
548545780
450045905
772213802
337954904
713685953
992759451
730185225
711335305
630891364
528674266
168587737
308500828
761097661
278255961
432353953
539259802
565903617
128938906
711785598
64451684
664569189
233951715
765239362
803138322
888375520
31806213
910707904
322309732
323458924
454134684
794782604
341939176
856647684
231110577
334960585
333758351
13273641
38022450
77927603
33350329
753121738
602586118
471648772
348770895
521112011
119356248
349862856
124648409
848952666
206539030
282793481
879981287
118128036
881415413
288907695
491566373
193784737
775514509
419378199
219769882
435658032
607097957
988854170
876825106
219849572
87761357
84765147
346543265
638121722
919863364
775725945
462461592
647582089
636707025
750718732
210618523
490200306
128893853
750948306
191583926
389721669
775280115
432020426
495821986
950217304
432766881
675651664
230785208
970059090
740626925
396533072
314918188
85043862
121682389
315133814
879127710
639673487
871281261
651907095
698398348
451929400
528041413
60655258
187710003
784050208
288189619
769230043
119395109
928557344
935253616
182488433
508525660
607802582
916136188
384586901
578345455
996129715
972355319
950941910
86268394
820844969
874292723
936985814
670229782
352624075
507376931
731654488
709337384
564812376
419031470
968763746
436199622
132345629
870001129
682769692
32661731
693398115
560113422
941563989
420772052
721072034
167390555
166258118
586930121
99920200
281542321
916410396
551469930
872429626
372145455
805209226
932013136
978324424
748149844
208209266
296305543
787742519
541783199
637311843
909715491
446516049
195304097
355059531
367005239
754583505
403325565
81293253
709542535
779228569
323224259
339623955
696433607
713197855
287301025
377316304
617031730
971494288
308336679
974244147
820088209
492638170
179573314
99063077
954367994
356200677
432776705
502820045
434840172
649363843
305312957
898586076
923550407
105076988
441551930
420455739
640413047
623346794
577180198
757633976
319884178
772866961
965605712
281765874
405710322
189833032
884852726
152709525
749868474
479327971
166529402
374557181
242461702
136998599
212938685
200521021
550686500
681589162
882458959
212686234
107798061
155460124
755257407
344630544
719136921
145010887
28308368
709974899
833497382
266351759
513348290
89138221
228893998
709374583
302886085
750230804
402374866
721599230
242624064
799544233
826929867
430733489
112517541
431140500
346256057
398698444
223631556
995863610
594255031
853289025
860603937
887604579
592832921
780598572
865528321
838555414
323959212
601986697
738527819
411897271
369181010
826166156
418008199
889326347
771001132
208519351
152040886
754077555
182032343
788159747
530489369
896647416
46592449
152639592
200275672
112924261
822707129
719498392
399371415
273117637
446000796
316692009
575925707
440104621
874325919
40634349
192106432
811489630
253348595
225316598
329447156
580042627
909894350
166070795
536825085
22782362
258405252
717414765
800659164
190289615
926351515
842772027
901728259
701226226
868956722
562599637
529513259
410368087
101006507
376742958
292869074
903327140
851382754
244380693
938748883
773385127
195636969
954625010
333878818
574039258
611430050
997678778
278717717
704050178
894574445
714150962
92438113
727348139
745831845
210205346
503275417
13104879
377610194
907779470
570408463
26061373
167567699
703075689
628237257
733670952
17320194
285475525
514372870
447579060
891618515
833557794
928697879
46866019
196601960
971291039
604930084
527587000
862274769
456731979
181239982
775108217
896470597
871762424
72827822
904958413
277477150
705052334
155138739
350999962
371401147
402827202
455363075
67809614
700664397
909050066
802788480
734639636
297506218
246802196
893037678
750139338
164979402
202809607
145257131
461579448
692020991
407499522
505512410
26809649
790316894
151678250
319303338
10496452
537756581
646644834
343933028
955619227
749582543
980768310
471860117
48503237
781864471
605771682
759590119
782651986
520777494
247083076
494318297
207231553
420802086
353780840
259008176
622054230
690590042
863778169
778957110
254901359
324853058
339853133
175316139
937595151
40200219
663286680
200518427
161741964
365499642
112976942
164264524
48429232
384632107
945962664
560107558
812891057
146801354
139455974
775348548
910110583
95087793
17137729
206710863
964569969
164279521
717787520
317354036
871545087
86439005
516328523
953407965
228647626
538641066
471783815
26545912
649296895
361404973
187915803
640668498
825384874
202953130
474035634
906110812
604804110
643562506
457753481
97378005
923634713
299212464
740630049
192235466
205713919
61699625
961987254
364322422
165358701
28518585
307483393
520752808
388098393
933361822
136092856
743537172
59821932
215855384
391718940
924292295
394030711
967438918
307822247
888584025
665964784
406512960
282223431
451827313
301811928
554465628
995492436
900915949
30318467
543275225
746556750
851802011
626294702
48625400
270480135
841201000
795053324
461676288
899704699
804364264
220509221
427554691
942236864
253612979
150541186
220691522
583910282
395015273
122651189
684504969
809747491
871877791
58383029
866256454
333348044
367213612
953183977
957360310
275785341
636854829
818789210
116419163
814721253
860543520
164321743
643773553
891247980
549371696
804371333
949018022
444639869
855690738
895320967
383380736
936890067
696249278
928912112
80787714
499943051
552112613
864604834
704442135
563748339
501018769
286038068
217929906
41781931
828277828
799409641
829987887
507600440
763981886
676814987
656781180
913962291
877812164
973394284
745164024
504485451
762357431
23612063
70192505
576039299
262062304
922194632
146745103
964495988
193371906
208816617
34121102
23324926
216771301
936178979
217148190
897267854
843409646
310203069
933639309
153423153
676207421
768498311
236364886
272898661
628414439
495115486
134937287
806014063
518258671
442329068
617728632
182334878
58521056
793151162
386108111
741090251
187341327
970724326
327434347
686754056
959927848
796627696
845195194
111221570
778642055
295926173
218709718
613830966
101541750
826615917
855343931
782102532
295661725
110266529
645826442
375986482
693583268
783943302
375645033
152036834
551884178
885503204
424198266
866778040
310676250
473881860
64279285
96770477
404059442
504403531
814433264
742864147
790823621
900845026
542945981
151395056
430944685
381726341
256272837
781013528
614009296
805081781
655575877
287820008
351543644
361556931
297742890
559268259
878882949
279978701
571668735
722410169
184091742
936723539
832227072
491939886
335579001
791702747
93679806
977499758
345474064
999220905
265696875
485722495
664141395
452615386
316876775
377572211
233053546
873957951
399629278
488105013
918548369
440973263
436811485
461873043
593861053
842508677
716005399
954775272
269147057
539468455
717427798
236356746
170089033
494000328
625075568
873222595
193026378
868571032
720409347
559534676
616329880
603161256
770079323
893221202
720632419
936085959
301404227
347380329
572675318
901972549
673291425
496042491
825009459
991480556
723322032
691072934
267596013
883414465
312503334
751371612
415083761
940837654
980579506
353978337
688973676
668371819
592832141
244650877
615883828
489523886
246174252
646486620
105363759
689399803
159569258
325236607
992252512
373409800
634603604
153018326
91724579
179018872
255115875
938606759
539235906
280004838
45656843
669711257
472854807
568328110
645868299
730083202
180405852
38173193
238063239
39023274
50754086
37119033
478714306
919456577
184797289
985438375
933913481
281334787
849697771
599010223
99707779
590652504
494746536
478258268
412525049
40951272
431579884
676339509
644432212
238710307
311652174
409501714
374096171
574937383
707428472
848849159
337408352
673091038
877821840
368438354
565365666
308617891
25935110
335646417
956385919
756365144
576630259